I
1130 Generated by WorldEditor 2.1.0r1

1      3 1 0 EDXO Sankt Peter Ording
1302 city Sankt Peter-Ording
1302 country Germany
1302 datum_lat 54.309
1302 datum_lon 8.686833333
1302 faa_code 
1302 gui_label 3D
1302 iata_code PSH
1302 icao_code EDXO
1302 region_code ED
1302 state Schleswig-Holstein
1302 transition_alt 
1302 transition_level 
100 29.87 1 0 0.00 0 0 0 07  54.30773600  008.68197497    0    0 1 0 0 0 25  54.31006746  008.69142207    0    0 1 0 0 0
110 5 0.00 0.0000 New Taxiway 1
112  54.30794952  008.68373312  54.30801223  008.68369781
111  54.30804609  008.68376936
111  54.30796153  008.68343065
112  54.30791620  008.68360108  54.30786514  008.68364561
111  54.30784095  008.68366004
113  54.30787876  008.68378041
110 1 0.00 0.0000 New Taxiway 3
111  54.30878476  008.68205684
111  54.30878869  008.68227022
111  54.30886975  008.68226517
113  54.30886840  008.68205483
110 1 0.00 0.0000 New Taxiway 2
111  54.30948506  008.68273865
111  54.30901923  008.68277916
111  54.30901690  008.68267560
111  54.30875371  008.68271220
111  54.30874195  008.68271443
111  54.30874677  008.68297790
113  54.30949160  008.68289922
110 1 0.00 0.0000 New Taxiway 1
111  54.30886975  008.68226517
111  54.30878869  008.68227022
111  54.30875550  008.68227506
112  54.30873117  008.68238981  54.30870328  008.68244427
111  54.30867311  008.68243068
111  54.30852114  008.68244511
111  54.30851616  008.68178249
111  54.30838539  008.68187424
111  54.30830995  008.68155836
111  54.30785362  008.68189420
111  54.30792754  008.68219357
112  54.30793649  008.68207194  54.30795276  008.68201483
111  54.30797823  008.68199494
111  54.30818604  008.68184951
112  54.30823536  008.68187688  54.30825954  008.68191991
111  54.30825516  008.68194522
111  54.30825232  008.68243706
112  54.30813224  008.68251352  54.30803628  008.68253647
111  54.30796894  008.68238100
111  54.30811842  008.68297793
112  54.30813427  008.68278629  54.30816105  008.68266962
111  54.30820814  008.68265662
111  54.30867247  008.68260274
112  54.30872045  008.68263825  54.30875145  008.68267411
111  54.30875371  008.68271220
111  54.30901690  008.68267560
111  54.30901236  008.68254962
111  54.30900790  008.68225700
113  54.30893418  008.68226136
110 2 0.00 357.0000 Concrete Ramp Hangar
111  54.30947418  008.68243884
111  54.30907208  008.68247237
111  54.30907155  008.68254862
111  54.30901236  008.68254962
111  54.30901690  008.68267560
111  54.30901923  008.68277916
113  54.30948506  008.68273865
130 Airport Boundary
111  54.30946196  008.68685334
111  54.30961219  008.68436322
111  54.30958444  008.68150966
111  54.30900018  008.68150942
111  54.30847576  008.68136579
111  54.30757776  008.68139048
111  54.30749299  008.68460378
111  54.30787831  008.68459032
111  54.30963896  008.69174444
113  54.31066656  008.69181257
20  54.30872434  008.68673856 71.4600 0 5 {@Y}_1_/_2_{@@}_1_/_2_
20  54.30904301  008.68651820 250.5600 0 5 {@Y}_1_/_2_{@@}_1_/_2_
14  54.30841796  008.68172593  22.97 0 Tower Viewpoint
1300  54.30847080  008.68276022 266.43 misc props|helos Grass Ramp
1301 A none 
1300  54.30929161  008.68271686  86.87 hangar props Hangar Ramp
1301 A none 
1300  54.30840326  008.68207922 177.84 hangar props|helos Tower Ramp
1301 A none 
1300  54.30913686  008.68272909  86.55 hangar props|helos Fuel Station Ramp
1301 A none 
18  54.30846273  008.68164518 1 New Airport Beacon 16
19  54.30828024  008.68156685 1 WindsockTower
1054 129775 St. Peter Ording INFO
1200 
1201  54.30815624  008.68260851 both 0 _stop
1201  54.30879026  008.68252793 both 1 _stop
1201  54.31002012  008.69123627 both 2 07/25_stop
1201  54.30891647  008.68259749 both 3 _stop
1201  54.30825744  008.68172310 both 4 _stop
1201  54.30797295  008.68189249 both 5 07/25_stop
1201  54.30929193  008.68272132 both 6 _stop
1201  54.30774561  008.68201044 both 7 07/25_start
1201  54.30839850  008.68253356 both 8 _stop
1201  54.30913237  008.68273281 both 9 _stop
1201  54.30791822  008.68272304 both 10 07/25_start(split)
1201  54.30833746  008.68194775 both 11 _stop
1202 0 10 twoway taxiway_A 
1204 departure 07,25
1204 arrival 07,25
1202 8 0 twoway taxiway_A 
1202 5 4 twoway taxiway_A 
1202 4 11 twoway taxiway_A 
1202 1 3 twoway taxiway_A 
1202 8 1 twoway taxiway_A 
1202 11 8 twoway taxiway_A 
1202 7 5 twoway taxiway_A 
1204 departure 07,25
1204 arrival 07,25
1202 7 10 twoway runway 07/25
1204 departure 07,25
1204 arrival 07,25
1204 ils 07,25
1202 10 2 twoway runway 07/25
1204 departure 07,25
1204 arrival 07,25
1204 ils 07,25
1202 9 6 twoway taxiway_A 
1202 3 9 twoway taxiway_A 
99
