I
1130 Generated by WorldEditor 2.2.0r3

1     47 1 0 EDXW Westerland Sylt
1302 city Westerland
1302 country Germany
1302 datum_lat 54.911636111
1302 datum_lon 8.342386111
1302 faa_code 
1302 gui_label 3D
1302 iata_code GWT
1302 icao_code EDXW
1302 region_code ED
1302 state Schleswig-Holstein
1302 transition_alt 5000
1302 transition_level 
100 45.11 1 0 0.00 1 3 0 14  54.91934700  008.33288302    0   32 3 9 0 1 32  54.90385000  008.35209402    0   32 3 1 0 0
100 45.11 1 0 0.00 0 0 0 06  54.90941700  008.32917198    0    0 2 0 0 0 24  54.91711700  008.35199398    0    0 2 0 0 0
100 30.00 3 0 0.00 0 0 0 13  54.91171725  008.34648896    0    0 1 0 0 0 31  54.90765676  008.35417057    0    0 1 0 0 0
110 1 0.00 180.0000 apron 1 (terminal)
111  54.91406352  008.33061631
111  54.91368326  008.33061274
112  54.91366137  008.33052590  54.91365615  008.33051095
111  54.91361790  008.33045266
111  54.91348116  008.33046499
111  54.91348953  008.33078509
111  54.91323769  008.33079382
111  54.91316552  008.33066908
111  54.91306845  008.33067017
111  54.91291868  008.33080527
111  54.91293059  008.33162457
111  54.91414100  008.33161566
112  54.91407515  008.33138534  54.91407515  008.33124059
113  54.91407515  008.33138534
110 1 0.00 140.0000 apron 2 (GAT)
111  54.91015317  008.32951034
112  54.91015317  008.32951034  54.90988147  008.32970631 102
111  54.90967864  008.32926431
111  54.91041022  008.33142086
111  54.91053884  008.33130610 102
111  54.91027768  008.33051297
112  54.91027768  008.33051297  54.91023841  008.33038500 102
112  54.91028312  008.32994081  54.91034166  008.32982938
111  54.91028312  008.32994081 102
111  54.91090686  008.32863295 102
111  54.91131581  008.32785305
112  54.91131581  008.32785305  54.91168059  008.32695093
111  54.91231628  008.32612906
111  54.91195988  008.32516617
112  54.91195988  008.32516617  54.91167165  008.32545809
112  54.91135855  008.32588678  54.91112849  008.32627996
111  54.91135855  008.32588678
111  54.91114562  008.32626516
112  54.91084564  008.32692115  54.91078581  008.32711806
111  54.91084564  008.32692115 102
111  54.91061361  008.32829439 102
112  54.91032188  008.32930718  54.91021820  008.32948280
111  54.91032188  008.32930718
114  54.91032188  008.32930718  54.91024912  008.32942268 102
112  54.91096684  008.32732617  54.91099389  008.32736587
111  54.91096684  008.32732617
111  54.91115472  008.32761302
112  54.91115472  008.32761302  54.91117463  008.32765191
112  54.91115206  008.32770993  54.91113565  008.32774275
111  54.91115206  008.32770993 102
111  54.91083104  008.32833223
112  54.91083104  008.32833223  54.91080991  008.32836972
112  54.91079127  008.32830064  54.91079930  008.32825064
111  54.91079127  008.32830064 102
111  54.91092078  008.32736159
114  54.91092078  008.32736159  54.91093050  008.32729175
110 2 0.00 70.0000 apron 2 2
111  54.91334309  008.32416471
112  54.91334309  008.32416471  54.91266606  008.32440560
112  54.91195988  008.32516617  54.91180245  008.32531535
111  54.91195988  008.32516617
111  54.91231628  008.32612906
112  54.91231628  008.32612906  54.91275573  008.32554953
112  54.91348261  008.32522800  54.91359068  008.32519445
113  54.91348261  008.32522800
111  54.91327363  008.32428537
111  54.91333518  008.32435612
111  54.91341435  008.32487977
111  54.91337887  008.32498606
111  54.91322639  008.32507118
111  54.91315559  008.32501569
111  54.91306073  008.32450422
113  54.91307503  008.32439477
111  54.91287368  008.32451456
111  54.91293946  008.32456483
112  54.91304509  008.32505720  54.91304410  008.32506761
111  54.91302217  008.32518896
111  54.91286372  008.32531032
111  54.91278698  008.32524444
111  54.91266938  008.32477634
113  54.91268035  008.32464632
111  54.91248348  008.32480993
111  54.91257754  008.32489174
111  54.91268486  008.32529660
111  54.91267401  008.32546023
111  54.91253895  008.32559868
111  54.91244369  008.32556931
111  54.91230381  008.32510151
113  54.91232069  008.32495467
110 1 0.00 63.0000 apron 2 2 1
111  54.91232069  008.32495467
111  54.91230381  008.32510151
111  54.91244369  008.32556931
111  54.91253895  008.32559868
111  54.91267401  008.32546023
111  54.91268486  008.32529660
111  54.91257754  008.32489174
113  54.91248348  008.32480993
110 1 0.00 69.0000 apron 2 2 2
111  54.91268035  008.32464632
111  54.91266938  008.32477634
111  54.91278698  008.32524444
111  54.91286372  008.32531032
111  54.91302217  008.32518896
111  54.91304509  008.32505720
111  54.91293946  008.32456483
113  54.91287368  008.32451456
110 1 0.00 72.0000 apron 2 2 3
111  54.91307503  008.32439477
111  54.91306073  008.32450422
111  54.91315559  008.32501569
111  54.91322639  008.32507118
111  54.91337887  008.32498606
111  54.91341435  008.32487977
111  54.91333518  008.32435612
113  54.91327363  008.32428537
110 2 0.00 80.0000 apron 2 3
111  54.91640647  008.32391571
112  54.91640647  008.32391571  54.91632313  008.32386813
112  54.91614406  008.32378628  54.91603851  008.32373903
111  54.91614406  008.32378628
112  54.91531548  008.32370637  54.91478220  008.32380463
111  54.91531548  008.32370637
112  54.91450006  008.32386774  54.91406287  008.32396362
112  54.91334309  008.32416471  54.91311588  008.32426136
111  54.91334309  008.32416471
111  54.91348261  008.32522800
112  54.91348261  008.32522800  54.91364526  008.32513716
112  54.91549237  008.32474510  54.91575404  008.32468116
111  54.91549237  008.32474510
112  54.91626300  008.32469253  54.91664913  008.32479192
111  54.91626300  008.32469253
112  54.91641146  008.32437719  54.91645949  008.32419460
113  54.91641146  008.32437719
111  54.91448617  008.32395491
111  54.91455571  008.32402243
111  54.91459613  008.32457945
111  54.91455085  008.32469198
111  54.91437621  008.32472855
111  54.91430668  008.32463853
111  54.91427272  008.32408995
113  54.91431638  008.32399149
111  54.91490337  008.32386208
111  54.91496644  008.32395210
111  54.91499716  008.32448099
111  54.91494542  008.32461039
111  54.91478048  008.32463853
111  54.91470933  008.32456257
111  54.91467213  008.32399711
113  54.91471418  008.32390428
111  54.91529956  008.32378611
111  54.91536424  008.32385925
111  54.91539335  008.32441910
111  54.91534483  008.32451756
111  54.91517989  008.32455132
111  54.91510712  008.32446411
111  54.91507963  008.32391552
113  54.91512491  008.32381987
111  54.91548067  008.32384799
111  54.91552918  008.32373264
112  54.91552918  008.32373264  54.91588655  008.32368763
112  54.91639108  008.32414620  54.91659644  008.32441347
111  54.91639108  008.32414620
111  54.91638946  008.32436846
111  54.91636197  008.32444160
111  54.91620026  008.32444442
112  54.91620026  008.32444442  54.91602885  008.32439659
112  54.91557769  008.32448099  54.91538526  008.32456539
111  54.91557769  008.32448099
113  54.91550816  008.32437971
111  54.91370886  008.32412982
111  54.91376839  008.32420536
111  54.91381061  008.32465902
111  54.91379799  008.32479229
111  54.91355472  008.32486302
111  54.91351360  008.32474303
111  54.91347150  008.32429247
113  54.91349503  008.32419152
110 1 0.00 80.0000 apron 2 3 1
111  54.91349503  008.32419152
111  54.91347150  008.32429247
111  54.91351360  008.32474303
111  54.91355472  008.32486302
111  54.91379799  008.32479229
111  54.91381061  008.32465902
111  54.91376839  008.32420536
113  54.91370886  008.32412982
110 3 0.00 80.0000 apron 2 3 2
111  54.91430668  008.32463853
111  54.91437621  008.32472855
111  54.91455085  008.32469198
111  54.91459613  008.32457945
111  54.91455571  008.32402243
111  54.91448617  008.32395491
111  54.91431638  008.32399149
113  54.91427272  008.32408995
110 3 0.00 82.0000 apron 2 3 3
111  54.91470933  008.32456257
112  54.91478048  008.32463853  54.91478337  008.32463853
111  54.91494542  008.32461039
111  54.91499716  008.32448099
111  54.91496644  008.32395210
111  54.91490337  008.32386208
111  54.91471418  008.32390428
113  54.91467213  008.32399711
110 3 0.00 85.0000 apron 2 3 4
111  54.91510712  008.32446411
111  54.91517989  008.32455132
111  54.91534483  008.32451756
111  54.91539335  008.32441910
111  54.91536424  008.32385925
111  54.91529956  008.32378611
111  54.91512491  008.32381987
113  54.91507963  008.32391552
110 3 0.00 90.0000 apron 2 3 5
111  54.91550816  008.32437971
111  54.91557769  008.32448099
112  54.91557769  008.32448099  54.91576969  008.32439699
112  54.91620026  008.32444442  54.91637126  008.32449242
111  54.91620026  008.32444442
111  54.91636197  008.32444160
111  54.91638946  008.32436846
111  54.91639108  008.32414620
112  54.91639108  008.32414620  54.91618608  008.32387920
112  54.91552918  008.32373264  54.91517218  008.32377764
111  54.91552918  008.32373264
113  54.91548067  008.32384799
110 1 0.00 85.0000 apron 3 (repair)
112  54.91994457  008.33761159  54.91995427  008.33773198
111  54.91994457  008.33761159
111  54.92006905  008.34001843
112  54.92006905  008.34001843  54.92005767  008.34012983 102
112  54.91988632  008.34020225  54.91984862  008.34006610
111  54.91988632  008.34020225
111  54.91992281  008.34095733
112  54.91992281  008.34095733  54.91993064  008.34055383 102
111  54.92008993  008.34036018
111  54.92118471  008.34020441
111  54.92101226  008.33664546
111  54.92073234  008.33668342
111  54.92075173  008.33715186
111  54.92001463  008.33725548 102
112  54.91967950  008.33597112  54.91959341  008.33544449
111  54.91967950  008.33597112
111  54.91974376  008.33727192
114  54.91974376  008.33727192  54.91981221  008.33696724 102
110 1 0.00 67.0000 apron 3 2
111  54.91954819  008.34266100
111  54.92007346  008.34622156
111  54.92016105  008.34618047
111  54.92008919  008.34572926
112  54.92008919  008.34572926  54.92006492  008.34536137
111  54.92024010  008.34542996
112  54.92024010  008.34542996  54.92043768  008.34556264
111  54.92054006  008.34587851
111  54.92096316  008.34560056
113  54.92016686  008.34219223
110 1 0.00 178.0000 twy A 1
111  54.90949403  008.33009403
112  54.90949403  008.33009403  54.90954763  008.33039952 102
112  54.90932675  008.33108065  54.90911792  008.33139454
111  54.90932675  008.33108065
112  54.90932675  008.33108065  54.90880725  008.33164445 102
112  54.90758551  008.33208849  54.90680667  008.33220593
111  54.90758551  008.33208849 102
111  54.90563000  008.33232463
112  54.90563000  008.33232463  54.90523320  008.33237030 102
111  54.90452004  008.33285884
111  54.90458472  008.33311398 102
112  54.90512497  008.33278084  54.90532946  008.33266546
111  54.90512497  008.33278084
111  54.90557187  008.33262140 102
111  54.90762004  008.33234812
112  54.90762004  008.33234812  54.90855560  008.33229359 102
112  54.90940623  008.33130557  54.90965458  008.33107069
111  54.90940623  008.33130557
112  54.90940623  008.33130557  54.90958466  008.33116297 102
112  54.90976928  008.33149829  54.90985707  008.33171769
111  54.90976928  008.33149829
111  54.90993587  008.33200578
113  54.91008838  008.33184636
110 1 0.00 144.0000 twy A 2
111  54.90452004  008.33285884
112  54.90452004  008.33285884  54.90421569  008.33312666 102
112  54.90355415  008.33400496  54.90326967  008.33445449
111  54.90355415  008.33400496
112  54.90355415  008.33400496  54.90328720  008.33445039 102
112  54.90265413  008.33643096  54.90243952  008.33749671
111  54.90265413  008.33643096
111  54.90280084  008.33652123
112  54.90280084  008.33652123  54.90285480  008.33626215 102
112  54.90290637  008.33604755  54.90295349  008.33585993
111  54.90290637  008.33604755
111  54.90305909  008.33552826
112  54.90305909  008.33552826  54.90319210  008.33510556 102
112  54.90364995  008.33420286  54.90377165  008.33401663
111  54.90364995  008.33420286
111  54.90388013  008.33385021
112  54.90388013  008.33385021  54.90409797  008.33354133 102
112  54.90458472  008.33311398  54.90476769  008.33296904
113  54.90458472  008.33311398
110 1 0.00 90.0000 twy A 3
111  54.90265413  008.33643096
112  54.90265413  008.33643096  54.90257695  008.33680252 102
112  54.90242269  008.33813577  54.90236030  008.33886647 102
112  54.90225693  008.34056122  54.90224439  008.34105068
111  54.90225693  008.34056122
111  54.90241762  008.34059865
112  54.90241762  008.34059865  54.90243459  008.34008317 102
112  54.90258553  008.33830084  54.90265596  008.33750869
111  54.90258553  008.33830084
111  54.90262893  008.33777010
112  54.90262893  008.33777010  54.90266496  008.33720868 102
112  54.90280084  008.33652123  54.90285941  008.33623518
113  54.90280084  008.33652123
110 1 0.00 77.0000 twy A 4
111  54.90225693  008.34056122
112  54.90225693  008.34056122  54.90225194  008.34122922 102
111  54.90234122  008.34231251 102
111  54.90318363  008.35041200
111  54.90333869  008.35032916 102
111  54.90267483  008.34393319
111  54.90249672  008.34222111 102
112  54.90246664  008.34181897  54.90245424  008.34163058
111  54.90246664  008.34181897
111  54.90242214  008.34128957
112  54.90242214  008.34128957  54.90241542  008.34122730 102
112  54.90241762  008.34059865  54.90241746  008.34040648
113  54.90241762  008.34059865
110 1 0.00 16.9000 twy A 5
111  54.90318363  008.35041200
112  54.90318363  008.35041200  54.90320025  008.35056002 102
111  54.90335300  008.35092668 102
111  54.90372548  008.35181814
111  54.90410976  008.35135411
112  54.90410976  008.35135411  54.90388259  008.35153604 102
112  54.90361306  008.35109163  54.90347602  008.35083928
111  54.90361306  008.35109163 102
112  54.90333869  008.35032916  54.90332225  008.35012770
113  54.90333869  008.35032916
110 1 0.00 43.0000 twy B
111  54.90267483  008.34393319
112  54.90267483  008.34393319  54.90275020  008.34383038 102
112  54.90345329  008.34557890  54.90415978  008.34677828
111  54.90345329  008.34557890 102
111  54.90572806  008.34916400
112  54.90572806  008.34916400  54.90576068  008.34923053 102
111  54.90572910  008.34934146
111  54.90610230  008.34887680 102
112  54.90575078  008.34886814  54.90562255  008.34867836
111  54.90575078  008.34886814 102
111  54.90391376  008.34592672
111  54.90369217  008.34556871
112  54.90369217  008.34556871  54.90323304  008.34491209 102
112  54.90296540  008.34411290  54.90285816  008.34381201
111  54.90296540  008.34411290
111  54.90281391  008.34364625
112  54.90281391  008.34364625  54.90269539  008.34322420 102
112  54.90249672  008.34222111  54.90247451  008.34203528
113  54.90249672  008.34222111
110 1 0.00 113.0000 twy C
112  54.91749634  008.33232738  54.91747195  008.33245737
111  54.91749634  008.33232738 102
111  54.91666246  008.33578218
111  54.91686771  008.33553266 102
111  54.91771389  008.33203910
112  54.91771389  008.33203910  54.91774513  008.33191407 102
111  54.91787269  008.33191194
111  54.91722403  008.33186057
114  54.91722403  008.33186057  54.91746191  008.33190037 102
110 1 0.00 180.0000 twy D 1
111  54.91788105  008.33162104 102
111  54.91414835  008.33161271
111  54.91293059  008.33162457
111  54.91269270  008.33162190 102
111  54.91089527  008.33162764 102
112  54.91053884  008.33130610  54.91040762  008.33095281
111  54.91053884  008.33130610
111  54.91041022  008.33142086
111  54.91091465  008.33291926
112  54.91091465  008.33291926  54.91083466  008.33254968 102
112  54.91126283  008.33193153  54.91151717  008.33189964
111  54.91126283  008.33193153 102
111  54.91264911  008.33191038 102
112  54.91330430  008.33255511  54.91336402  008.33260705 102
112  54.91344303  008.33262220  54.91348619  008.33262004 102
112  54.91401378  008.33261182  54.91405117  008.33261015 102
112  54.91413414  008.33256767  54.91417220  008.33253213 102
111  54.91475428  008.33192728 102
111  54.91722403  008.33186057
111  54.91787269  008.33191194 102
113  54.91788058  008.33191159
111  54.91434066  008.33198749 102
112  54.91405690  008.33225676  54.91402035  008.33228294 102
112  54.91394941  008.33228668  54.91390642  008.33228668 102
112  54.91352376  008.33229416  54.91348291  008.33229416 102
112  54.91338402  008.33224554  54.91334318  008.33220814 102
113  54.91313035  008.33199497
110 1 0.00 22.0000 twy D 3
111  54.91788058  008.33191219 102
111  54.91840633  008.33222564
112  54.91840633  008.33222564  54.91881831  008.33268589 102
112  54.91837519  008.33365706  54.91809794  008.33402322
111  54.91837519  008.33365706
111  54.91920413  008.33262941 102
111  54.91907093  008.33239028 102
113  54.91788105  008.33162165
110 1 0.00 176.0000 twy E
111  54.91634212  008.34901176
111  54.91653711  008.34959281
111  54.91734550  008.34944718
111  54.91809474  008.34931226
111  54.91860041  008.34922152
111  54.92149005  008.34861565
111  54.92151238  008.34844081
111  54.92087705  008.34853736
112  54.92109928  008.34760549  54.92105623  008.34707370
111  54.92109928  008.34760549
111  54.92088343  008.34607967
111  54.92072881  008.34615382
111  54.92095971  008.34766377
112  54.92095971  008.34766377  54.92096877  008.34828876
111  54.92064709  008.34833467
111  54.92066384  008.34855737
111  54.92012779  008.34863888
111  54.91930236  008.34875944
111  54.91884899  008.34894036
111  54.91792799  008.34905975
111  54.91729060  008.34914151
111  54.91658477  008.34923067
114  54.91658477  008.34923067  54.91644271  008.34921943
110 1 0.00 124.0000 twy F 1
111  54.91838105  008.33595154
111  54.91810762  008.33661894
111  54.91798623  008.33691333
111  54.91693265  008.33948593
111  54.91705663  008.33963405
113  54.91850895  008.33608845
110 1 0.00 0.0000 twy F 2
112  54.91705663  008.33963405  54.91730470  008.33894037
111  54.91705663  008.33963405
111  54.91693265  008.33948593
112  54.91693265  008.33948593  54.91678692  008.33995188
112  54.91656909  008.34302647  54.91679799  008.34496414
111  54.91656909  008.34302647
111  54.91670099  008.34295663
114  54.91670099  008.34295663  54.91652845  008.34124340
110 1 0.00 0.0000 twy F 3
112  54.91766524  008.34861379  54.91760794  008.34824677
111  54.91766524  008.34861379
111  54.91670099  008.34295663
111  54.91656909  008.34302647
111  54.91749122  008.34846345
112  54.91749122  008.34846345  54.91756154  008.34894374
111  54.91729060  008.34914151
113  54.91792799  008.34905975
110 1 0.00 0.0000 twy F 4
111  54.91809474  008.34931226
111  54.91734550  008.34944718
112  54.91770166  008.34988905  54.91782650  008.35034964
111  54.91770166  008.34988905
111  54.91776727  008.35062321
112  54.91776727  008.35062321  54.91774463  008.35128436
112  54.91699655  008.35095785  54.91673151  008.35025087
111  54.91699655  008.35095785
111  54.91728226  008.35179839
111  54.91763412  008.35145204
112  54.91763412  008.35145204  54.91794783  008.35110599
111  54.91789946  008.35056192
111  54.91785131  008.34987893
114  54.91785131  008.34987893  54.91784485  008.34957186
110 1 0.00 162.7000 twy G 1
111  54.91661600  008.35119857
112  54.91661600  008.35119857  54.91677124  008.35176968
112  54.91632409  008.35248540  54.91596025  008.35286521
111  54.91632409  008.35248540
112  54.91595368  008.35278439  54.91573183  008.35292622
111  54.91595368  008.35278439
112  54.91556292  008.35298661  54.91531507  008.35308595
111  54.91556292  008.35298661
111  54.91287584  008.35423369
111  54.91291056  008.35447938
111  54.91559975  008.35321810
112  54.91559975  008.35321810  54.91580385  008.35313989
111  54.91600682  008.35300929
112  54.91600682  008.35300929  54.91623535  008.35285351
111  54.91639884  008.35269189
113  54.91693588  008.35214553
110 1 0.00 0.0000 twy G 2
111  54.91186492  008.35433227
111  54.90753254  008.35432686
111  54.90753120  008.35458610
111  54.91219650  008.35458069
112  54.91219650  008.35458069  54.91268855  008.35458280
111  54.91291056  008.35447938
111  54.91287584  008.35423369
112  54.91287584  008.35423369  54.91275038  008.35429496
112  54.91244843  008.35433114  54.91237995  008.35433191
113  54.91244843  008.35433114
110 1 0.00 16.9000 twy G 3
111  54.90396990  008.35237439
111  54.90417610  008.35286114
112  54.90417610  008.35286114  54.90424078  008.35299409
111  54.90442239  008.35307304
111  54.90708641  008.35439911
111  54.90705108  008.35413534
111  54.90481852  008.35302750
112  54.90481852  008.35302750  54.90431282  008.35256215
112  54.90463016  008.35155932  54.90470729  008.35144438
113  54.90463016  008.35155932
110 1 0.00 95.0000 twy G 4
111  54.90705108  008.35413534
111  54.90708641  008.35439911
112  54.90718766  008.35464363  54.90718766  008.35486709
111  54.90718766  008.35464363
111  54.90715888  008.35545851
112  54.90715888  008.35545851  54.90714712  008.35559403
112  54.90697947  008.35596166  54.90692361  008.35616878
111  54.90697947  008.35596166
111  54.90671081  008.35759418
111  54.90696687  008.35772110
111  54.90723033  008.35620814
112  54.90723033  008.35620814  54.90729982  008.35564792
111  54.90731894  008.35493234
112  54.90731894  008.35493234  54.90734103  008.35466537
111  54.90753120  008.35458610
113  54.90753254  008.35432686
112  54.90711436  008.35580292  54.90713746  008.35581690
111  54.90708814  008.35613600
111  54.90685385  008.35751629
111  54.90678050  008.35748027
113  54.90701696  008.35604708
110 1 0.00 85.0000 twy K + L
112  54.91957122  008.33660093  54.91961679  008.33731587
111  54.91957122  008.33660093 102
111  54.91978687  008.34106641
111  54.91994828  008.34145774
111  54.91992467  008.34095733
111  54.91988817  008.34020225 102
111  54.91974561  008.33727192
111  54.91967950  008.33597112 102
111  54.91956399  008.33352274 102
111  54.91943060  008.33321343
111  54.91852817  008.33432417
112  54.91852817  008.33432417  54.91867682  008.33426651
112  54.91879578  008.33437166  54.91877779  008.33445567
111  54.91879578  008.33437166
111  54.91838105  008.33595154
111  54.91850895  008.33608845
112  54.91850895  008.33608845  54.91876051  008.33553384
114  54.91916534  008.33556765  54.91936635  008.33565826
112  54.91946448  008.33452009  54.91947175  008.33467980
111  54.91946448  008.33452009 102
111  54.91950037  008.33549229
112  54.91950037  008.33549229  54.91949956  008.33554599
112  54.91944884  008.33553127  54.91944063  008.33551224
111  54.91944884  008.33553127
112  54.91944884  008.33553127  54.91940234  008.33543471
112  54.91892634  008.33527392  54.91863539  008.33533558
111  54.91892634  008.33527392
112  54.91892634  008.33527392  54.91889990  008.33528459
112  54.91887460  008.33517497  54.91888299  008.33515260
111  54.91887460  008.33517497
111  54.91903530  008.33478626
111  54.91891412  008.33463892
114  54.91891412  008.33463892  54.91910683  008.33418446
110 3 0.00 69.0000 twy I
111  54.91148693  008.32746243
112  54.91157369  008.32752406  54.91160658  008.32756411
111  54.91157369  008.32752406
112  54.91157369  008.32752406  54.91160255  008.32755920
112  54.91207956  008.32975728  54.91219261  008.33017402
111  54.91207956  008.32975728
112  54.91207956  008.32975728  54.91209536  008.32981553
111  54.91220300  008.32976859
111  54.91236508  008.33057768
111  54.91239013  008.33162254
111  54.91257212  008.33162367
111  54.91259156  008.33050921
111  54.91183189  008.32683366
113  54.91166743  008.32712550
110 2 0.00 72.0000 New Taxiway 13
111  54.90512497  008.33278084
112  54.90530831  008.33306983  54.90538124  008.33337612
111  54.90530831  008.33306983
111  54.90537707  008.33341363
112  54.90532818  008.33366676  54.90534908  008.33378044
112  54.90551266  008.33384878  54.90560825  008.33379929
112  54.90559459  008.33352923  54.90557281  008.33340936
111  54.90548306  008.33335882
111  54.90543723  008.33302001
112  54.90543723  008.33302001  54.90538564  008.33268896
113  54.90557187  008.33262140
110 2 0.00 47.0000 New Taxiway 12
111  54.90364995  008.33420286
112  54.90371552  008.33420088  54.90374093  008.33423930
111  54.90371552  008.33420088
111  54.90375846  008.33427334
112  54.90375563  008.33445997  54.90378876  008.33453489
111  54.90385590  008.33449420
111  54.90396762  008.33436530
112  54.90396762  008.33436530  54.90399942  008.33432410
112  54.90397198  008.33417966  54.90393199  008.33412126
111  54.90397198  008.33417966
112  54.90397198  008.33417966  54.90379858  008.33415277
113  54.90388013  008.33385021
110 2 0.00 152.0000 New Taxiway 11
111  54.90296540  008.34411290
112  54.90302707  008.34387256  54.90310351  008.34379841
111  54.90302707  008.34387256
111  54.90332037  008.34359210
111  54.90325176  008.34338841
111  54.90294769  008.34368342
112  54.90294769  008.34368342  54.90289329  008.34374223
113  54.90281391  008.34364625
110 2 0.00 113.0000 old_runway
111  54.91746171  008.33134120
111  54.91278929  008.35020740
111  54.91335068  008.35105406
113  54.91810752  008.33177825
110 2 0.00 55.0000 old twy 1
111  54.90647029  008.35061404
112  54.90647029  008.35061404  54.90687141  008.35161462
112  54.90716108  008.35398447  54.90719575  008.35495578
111  54.90716108  008.35398447
112  54.90716108  008.35398447  54.90717139  008.35417313
111  54.90705108  008.35413534
111  54.90753254  008.35432686
112  54.90730183  008.35399336  54.90728750  008.35377879
111  54.90730183  008.35399336
112  54.90730183  008.35399336  54.90725565  008.35300264
112  54.90662583  008.35057905  54.90622413  008.34952401
111  54.90662583  008.35057905
111  54.90639729  008.35005701
112  54.90639729  008.35005701  54.90621836  008.34964206
111  54.90639024  008.34936918
111  54.90603875  008.34980371
112  54.90613068  008.34985369  54.90617486  008.34992285
113  54.90613068  008.34985369
110 2 0.00 113.0000 old twy 2
111  54.91771602  008.33151382
111  54.91785027  008.33160446
111  54.91885641  008.32752187
113  54.91873300  008.32743405
110 2 0.00 113.0000 old twy 2
111  54.91216925  008.35399368
112  54.91216925  008.35399368  54.91210778  008.35424011
111  54.91186492  008.35433227
111  54.91244843  008.35433114
112  54.91231491  008.35402972  54.91234297  008.35379724
111  54.91231491  008.35402972
111  54.91312124  008.35069165
113  54.91302336  008.35054915
110 2 0.00 34.0000 old twy 3
111  54.91084431  008.34385016
111  54.91001261  008.34488089
112  54.91039899  008.34488089  54.91055404  008.34505176
111  54.91039899  008.34488089
111  54.91314823  008.34809925
112  54.91314823  008.34809925  54.91324240  008.34821788
111  54.91320954  008.34851451
111  54.91342821  008.34763912
112  54.91320767  008.34775027  54.91309595  008.34762828
111  54.91320767  008.34775027
111  54.91077794  008.34489381
114  54.91077794  008.34489381  54.91044105  008.34450124
110 2 0.00 355.0000 old twy 4
112  54.91526416  008.34948093  54.91467912  008.34953880
111  54.91526416  008.34948093
111  54.91405965  008.34969616
112  54.91405965  008.34969616  54.91382016  008.34966875
111  54.91377231  008.34932575
111  54.91357260  008.35013091
111  54.91566124  008.34974475
112  54.91566124  008.34974475  54.91609366  008.34965965
111  54.91622599  008.35003379
113  54.91567381  008.34839624
110 1 0.00 0.0000 New Taxiway 10
111  54.91901729  008.34137375
112  54.91933719  008.34132439  54.91944048  008.34132278
111  54.91933719  008.34132439
112  54.91933719  008.34132439  54.91950342  008.34133234
111  54.91971660  008.34159196
112  54.91980076  008.34188304  54.91980076  008.34206894
111  54.91980076  008.34188304
111  54.91979331  008.34236282
112  54.91979331  008.34236282  54.91978937  008.34243704
111  54.91972902  008.34252724
111  54.92001601  008.34230722
112  54.91997310  008.34226191  54.91997147  008.34220164
111  54.91997310  008.34226191
111  54.91996396  008.34203101
112  54.91996396  008.34203101  54.91996396  008.34197288
112  54.92002214  008.34193658  54.92007389  008.34193232
112  54.92009703  008.34200805  54.92010844  008.34205342
111  54.92009703  008.34200805
111  54.92012506  008.34217027
112  54.92012506  008.34217027  54.92013077  008.34220359
111  54.92011682  008.34223181
111  54.92016686  008.34219223
112  54.92016949  008.34196785  54.92021666  008.34194669
111  54.92016949  008.34196785
111  54.92074337  008.34177306
112  54.92081269  008.34162070  54.92084879  008.34160243
111  54.92081269  008.34162070
111  54.92110459  008.34155720
112  54.92110459  008.34155720  54.92112559  008.34154806
111  54.92113013  008.34166512
111  54.92119946  008.34166512
111  54.92119851  008.34152851
111  54.92145852  008.34146832
112  54.92154133  008.34153066  54.92156102  008.34161973
111  54.92154133  008.34153066
111  54.92159914  008.34181904
111  54.92180150  008.34170956
111  54.92177907  008.34144550
112  54.92179785  008.34135404  54.92182674  008.34134180
111  54.92179785  008.34135404
112  54.92179785  008.34135404  54.92182563  008.34133922
111  54.92187447  008.34144927
111  54.92183433  008.34104296
112  54.92172182  008.34125106  54.92167403  008.34128264
111  54.92172182  008.34125106
112  54.92172182  008.34125106  54.92169885  008.34127684
111  54.92152603  008.34134752
111  54.92143834  008.34136131
111  54.92074396  008.34152210
111  54.92026683  008.34166373
111  54.92006555  008.34166812
112  54.92006555  008.34166812  54.91997905  008.34163698
111  54.91994643  008.34145774
111  54.91978501  008.34106641
112  54.91978501  008.34106641  54.91978442  008.34111520
112  54.91957856  008.34131874  54.91943746  008.34127193
111  54.91957856  008.34131874
112  54.91957856  008.34131874  54.91956281  008.34130618
112  54.91939786  008.34121661  54.91937428  008.34119686
111  54.91939786  008.34121661
112  54.91939786  008.34121661  54.91913407  008.34121509
113  54.91900308  008.34125369
110 1 0.00 0.0000 New Taxiway 9
111  54.91956301  008.34624204
111  54.91936231  008.34492150
111  54.91933131  008.34472503
111  54.91911950  008.34328365
111  54.91908373  008.34292916
111  54.91906121  008.34276119
111  54.91894728  008.34173193
111  54.91893188  008.34151788
112  54.91893188  008.34151788  54.91893069  008.34140681
111  54.91901729  008.34137375
111  54.91900308  008.34125369
111  54.91887210  008.34125685
112  54.91887210  008.34125685  54.91887747  008.34137207
112  54.91885165  008.34149833  54.91885105  008.34165715
111  54.91885165  008.34149833
111  54.91892736  008.34213421
111  54.91898156  008.34277925
111  54.91905600  008.34346840
111  54.91908320  008.34365218
111  54.91912698  008.34395689
111  54.91922185  008.34455998
113  54.91948041  008.34628773
110 1 0.00 0.0000 New Taxiway 8
111  54.91717788  008.34307185
111  54.91791224  008.34282886
111  54.91811075  008.34276785
111  54.91846755  008.34265668
111  54.91856708  008.34262702
111  54.91886115  008.34253503
112  54.91886115  008.34253503  54.91895601  008.34254022
111  54.91898156  008.34277925
111  54.91892736  008.34213421
112  54.91886852  008.34237101  54.91879633  008.34240631
111  54.91886852  008.34237101
111  54.91856143  008.34246508
112  54.91856143  008.34246508  54.91851669  008.34247546
111  54.91849940  008.34235716
111  54.91845562  008.34236986
112  54.91843737  008.34250951  54.91840874  008.34252509
111  54.91843737  008.34250951
111  54.91801047  008.34265552
112  54.91801047  008.34265552  54.91795920  008.34266239
111  54.91795239  008.34254795
111  54.91790466  008.34255395
112  54.91787944  008.34269944  54.91784443  008.34271059
111  54.91787944  008.34269944
113  54.91715995  008.34295935
110 2 0.00 74.0000 New Taxiway 7
111  54.92020598  008.34888442
112  54.92020598  008.34888442  54.92022341  008.34888277
111  54.92023722  008.34896287
111  54.92042776  008.35019027
112  54.92042776  008.35019027  54.92043368  008.35024346
111  54.92041245  008.35027460
111  54.92041236  008.35036228
112  54.92046709  008.35043572  54.92048286  008.35051207
111  54.92046709  008.35043572
111  54.92058937  008.35114125
112  54.92058937  008.35114125  54.92059331  008.35117643
111  54.92058444  008.35119204
111  54.92060810  008.35129997
111  54.92066437  008.35126791
111  54.92051452  008.35040397
111  54.92049488  008.35027700
111  54.92036492  008.34945170
111  54.92045184  008.34941119
111  54.92043425  008.34931204
111  54.92034376  008.34935419
111  54.92028100  008.34894383
112  54.92029159  008.34886645  54.92030923  008.34885909
113  54.92029159  008.34886645
110 2 0.00 73.0000 New Taxiway 6
111  54.91983428  008.34668136
111  54.92000641  008.34768004
111  54.92002723  008.34779755
111  54.92014875  008.34849786
112  54.92013421  008.34863897  54.92011396  008.34864663
111  54.92013421  008.34863897
111  54.92026551  008.34861830
112  54.92026551  008.34861830  54.92023265  008.34859172
111  54.92022262  008.34851849
113  54.91990015  008.34664524
110 2 0.00 85.0000 New Taxiway 5
111  54.91902866  008.34913060
112  54.91902866  008.34913060  54.91907822  008.34917430
111  54.91911094  008.34925168
111  54.91914235  008.34991110
111  54.91905390  008.34992075
111  54.91906279  008.35022619
111  54.91938994  008.35021474
111  54.91938460  008.34997262
111  54.91965882  008.34994865
111  54.91966725  008.35030033
111  54.92015502  008.35025592
111  54.92005727  008.34908573
112  54.92006329  008.34891189  54.92008862  008.34887118
111  54.92006329  008.34891189
111  54.91956504  008.34901842
113  54.91927923  008.34907765
110 2 0.00 0.0000 New Taxiway 4
111  54.91833217  008.34926961
112  54.91833217  008.34926961  54.91837258  008.34930509
112  54.91844031  008.34945948  54.91845783  008.34956145
111  54.91844031  008.34945948
112  54.91844031  008.34945948  54.91844481  008.34951804
111  54.91842535  008.34957358
111  54.91842572  008.34979677
111  54.91856245  008.34979677
112  54.91858902  008.34956545  54.91858681  008.34948602
111  54.91856610  008.34931837
112  54.91860041  008.34922152  54.91863378  008.34919053
113  54.91860041  008.34922152
110 1 0.00 0.0000 New Taxiway 3
111  54.91833988  008.34718528
112  54.91833988  008.34718528  54.91841532  008.34717841
111  54.91845664  008.34731860
111  54.91867556  008.34880407
111  54.91919003  008.34853745
111  54.91893874  008.34709578
112  54.91893874  008.34709578  54.91891644  008.34695640
111  54.91899300  008.34688056
111  54.91883859  008.34695248
112  54.91881221  008.34702016  54.91877921  008.34704427
111  54.91881221  008.34702016
111  54.91858799  008.34712180
112  54.91858799  008.34712180  54.91854658  008.34712352
113  54.91854421  008.34708370
110 1 0.00 0.0000 New Taxiway 2
111  54.91809015  008.34729918
111  54.91833988  008.34718528
111  54.91854421  008.34708370
111  54.91883859  008.34695248
111  54.91899300  008.34688056
111  54.91969048  008.34655011
112  54.91969048  008.34655011  54.91979450  008.34649899
111  54.91983428  008.34668136
111  54.91990015  008.34664524
112  54.91994880  008.34642624  54.92001788  008.34633091
111  54.91994880  008.34642624
111  54.92072578  008.34604254
112  54.92072578  008.34604254  54.92075226  008.34603474
111  54.92077368  008.34613281
111  54.92083984  008.34610066
112  54.92084807  008.34597966  54.92088189  008.34595485
111  54.92084807  008.34597966
111  54.92145954  008.34568705
111  54.92151062  008.34566166
111  54.92191563  008.34546485
111  54.92189009  008.34533788
111  54.92170534  008.34542658
111  54.92016105  008.34618047
111  54.92007346  008.34622156
111  54.91968626  008.34641077
112  54.91968626  008.34641077  54.91959570  008.34643703
111  54.91956301  008.34624204
111  54.91948041  008.34628773
112  54.91944615  008.34652623  54.91937456  008.34656249
111  54.91944615  008.34652623
111  54.91844205  008.34697741
113  54.91805691  008.34709581
110 2 0.00 43.0000 New Taxiway 3
111  54.91783512  008.33648277
111  54.91796893  008.33670326
112  54.91796893  008.33670326  54.91800500  008.33676184
111  54.91798623  008.33691333
111  54.91810762  008.33661894
112  54.91799666  008.33663633  54.91795788  008.33658507
111  54.91799666  008.33663633
113  54.91786492  008.33642292
110 2 0.00 41.0000 New Taxiway 7
111  54.90778243  008.34206082
112  54.90778243  008.34206082  54.90778148  008.34251210
112  54.90823732  008.34370558  54.90840192  008.34399208
111  54.90823732  008.34370558
111  54.90915501  008.34509006
111  54.90921529  008.34501584
111  54.90828870  008.34362045
112  54.90828870  008.34362045  54.90811611  008.34329226
112  54.90784939  008.34196324  54.90784562  008.34145452
111  54.90784939  008.34196324
111  54.90784884  008.34149467
113  54.90778221  008.34149428
110 2 0.00 21.0000 New Taxiway 6
111  54.90977155  008.33150267
112  54.90975017  008.33167350  54.90972652  008.33178739
111  54.90975017  008.33167350
111  54.90790588  008.34037502
112  54.90790588  008.34037502  54.90781700  008.34084970
112  54.90778221  008.34149428  54.90777987  008.34184961
111  54.90778221  008.34149428
111  54.90784884  008.34149467
112  54.90784884  008.34149467  54.90785040  008.34113934
112  54.90796605  008.34042153  54.90805572  008.33997126
111  54.90796605  008.34042153
111  54.90980510  008.33172519
112  54.90980510  008.33172519  54.90981456  008.33168723
113  54.90984324  008.33171962
110 2 0.00 59.0000 New Taxiway 4
112  54.91367391  008.34289023  54.91360509  008.34296610
111  54.91367391  008.34289023
111  54.91278844  008.34380693
112  54.91280377  008.34385307  54.91283141  008.34386130
111  54.91280377  008.34385307
112  54.91280377  008.34385307  54.91286415  008.34378790
111  54.91292721  008.34392184
112  54.91292721  008.34392184  54.91295885  008.34394019
111  54.91295736  008.34389051
112  54.91299436  008.34366536  54.91305328  008.34360208
111  54.91299436  008.34366536
111  54.91369371  008.34294953
112  54.91369371  008.34294953  54.91376373  008.34288827
111  54.91384199  008.34297651
113  54.91373060  008.34264737
110 2 0.00 53.0000 New Taxiway 1
111  54.91766210  008.33540270
111  54.91782071  008.33577343
111  54.91792757  008.33563321
113  54.91777159  008.33526310
110 1 0.00 0.0000 New Taxiway 1
111  54.91806958  008.34831161
111  54.91820889  008.34822504
111  54.91809611  008.34750944
111  54.91809015  008.34729918
111  54.91805691  008.34709581
111  54.91734978  008.34412186
111  54.91730003  008.34397758
111  54.91715408  008.34334854
112  54.91715408  008.34334854  54.91712323  008.34316700
111  54.91717788  008.34307185
111  54.91715995  008.34295935
112  54.91705052  008.34291553  54.91703215  008.34280821
111  54.91705052  008.34291553
111  54.91702140  008.34267334
111  54.91693847  008.34270219
111  54.91696439  008.34289149
112  54.91702145  008.34299373  54.91704165  008.34301322
111  54.91702145  008.34299373
112  54.91702145  008.34299373  54.91705872  008.34305845
111  54.91706193  008.34311523
111  54.91706120  008.34336586
111  54.91795016  008.34716317
111  54.91798665  008.34741132
113  54.91798002  008.34758445
110 3 0.00 0.0000 Gras parking gat
111  54.91033348  008.32656139
111  54.91024986  008.32759207
111  54.91030430  008.32802162
111  54.91061361  008.32829439
111  54.91084564  008.32692115
111  54.91066835  008.32670473
111  54.91059294  008.32668014
111  54.91052381  008.32659541
113  54.91041920  008.32654541
110 2 0.00 55.0000 papi 32
112  54.90602906  008.35004417  54.90602293  008.35011922
111  54.90602906  008.35004417
111  54.90620218  008.35045282
112  54.90620218  008.35045282  54.90624254  008.35046424
112  54.90627210  008.35037454  54.90628282  008.35030357
111  54.90627210  008.35037454
111  54.90609909  008.34996139
114  54.90609909  008.34996139  54.90606232  008.34995487
110 2 0.00 55.0000 papi 14
112  54.91734438  008.33604612  54.91733857  008.33612362
111  54.91734438  008.33604612
111  54.91750848  008.33646810
112  54.91750848  008.33646810  54.91754672  008.33647989
112  54.91757474  008.33638727  54.91758491  008.33631398
111  54.91757474  008.33638727
111  54.91741077  008.33596064
114  54.91741077  008.33596064  54.91737591  008.33595391
130 Airport Boundary 1
111  54.91858363  008.32501452
111  54.91658045  008.32477615
111  54.91663708  008.32290184
111  54.91563078  008.32294129
111  54.91259422  008.32378466
111  54.90877009  008.32434612
111  54.90730366  008.32523401
111  54.90597902  008.33201059
111  54.90428651  008.33283892
111  54.90306995  008.33459762
111  54.90219687  008.33707578
111  54.90188133  008.34087539
111  54.90292538  008.34997651
111  54.90026431  008.35323104
111  54.90205941  008.35762576
111  54.90492395  008.35408593
111  54.90602476  008.35457329
111  54.90576422  008.35661149
111  54.90638435  008.35794034
111  54.90699987  008.35802524
111  54.90761661  008.35477655
111  54.91237265  008.35480465
111  54.91558546  008.35400728
111  54.91687773  008.35446674
111  54.92301970  008.35147354
111  54.92185235  008.34052186
113  54.92150205  008.33235288
120 Linear Feature 29
111  54.91074633  008.32838547 4
115  54.91061744  008.32829828
120 Linear Feature 28
111  54.91090451  008.32862559 4
115  54.91079368  008.32845558
120 Linear Feature 27
111  54.91136400  008.33188917 4
115  54.91136400  008.33167010
120 Linear Feature 26
111  54.90915811  008.33126879 4
115  54.90922739  008.33146954
120 Linear Feature 25
111  54.90541408  008.34833151 4
115  54.90531761  008.34851651
120 Linear Feature 24
111  54.90347517  008.35078675 4
115  54.90336179  008.35092881
120 Linear Feature 22
111  54.90558483  008.35363772 4
115  54.90561653  008.35343416
120 Linear Feature 20
111  54.91697459  008.34949718 4
115  54.91695836  008.34919794
120 Linear Feature 18
111  54.91778435  008.35119153 4
115  54.91767814  008.35106064
120 Linear Feature 17
111  54.91633136  008.35249270 4
115  54.91639331  008.35266978
120 holdpoint 14 w 1
111  54.91715568  008.33434462 4
115  54.91703013  008.33426067
120 holdpoint 14 w 2
111  54.91840218  008.33195991 4
115  54.91835301  008.33219371
120 Linear Feature 13
111  54.91990288  008.33737978 5
115  54.92001572  008.33726583
120 Linear Feature 12
111  54.91961574  008.33749723 5
115  54.91974974  008.33748847
120 holdpoint 14 e 1
111  54.91844375  008.33571365 4
115  54.91886695  008.33518516
120 holdpoint 14 e 2
111  54.91946906  008.33447780 4
115  54.91960681  008.33446483
120 Linear Feature 8
112  54.91886266  008.33266097  54.91895655  008.33293432 1
112  54.91895712  008.33406254  54.91886511  008.33455603
111  54.91895712  008.33406254 1
115  54.91884336  008.33457385
120 Linear Feature 3
112  54.91877729  008.33360873  54.91889817  008.33352732 1
116  54.91895712  008.33406254  54.91889278  008.33436445
120 Linear Feature 6
111  54.91850003  008.33395262 1
111  54.91877729  008.33360873
112  54.91877729  008.33360873  54.91915393  008.33312008 1
116  54.91939280  008.33352402  54.91944058  008.33360763
120 Linear Feature 5
112  54.91876444  008.33240918  54.91882347  008.33251726 1
112  54.91886266  008.33266097  54.91887665  008.33271051
111  54.91886266  008.33266097
112  54.91886266  008.33266097  54.91895805  008.33304824 1
112  54.91875068  008.33360476  54.91863496  008.33376938
111  54.91875068  008.33360476 1
115  54.91849053  008.33392764
120 Linear Feature 4
111  54.90446757  008.35135725 1
111  54.90430233  008.35156219
112  54.90430233  008.35156219  54.90400433  008.35192408 1
112  54.90461713  008.35304222  54.90489530  008.35318870
111  54.90461713  008.35304222 1
115  54.90716993  008.35432263
120 Linear Feature 3
112  54.90647746  008.34880500  54.90625871  008.34906170 1
112  54.90579670  008.34912313  54.90556142  008.34879292
111  54.90579670  008.34912313 1
111  54.90344529  008.34536705
112  54.90344529  008.34536705  54.90303887  008.34470460 1
112  54.90275150  008.34376149  54.90268327  008.34355692
111  54.90275150  008.34376149
112  54.90275150  008.34376149  54.90254338  008.34308879 1
115  54.90241935  008.34223747
120 Linear Feature 13
112  54.91348285  008.34011635  54.91329483  008.34033334 1
116  54.91303957  008.33986449  54.91288985  008.33941192
120 Linear Feature 13
112  54.91292962  008.34080252  54.91310383  008.34059161 1
116  54.91301677  008.33988353  54.91286705  008.33943096
120 Linear Feature 12
112  54.91758954  008.33224287  54.91763581  008.33204878 1
116  54.91792982  008.33180222  54.91818951  008.33189031
120 Linear Feature 11
111  54.91641679  008.33647745 1
111  54.91657541  008.33628071
112  54.91657541  008.33628071  54.91664254  008.33618777 1
111  54.91669604  008.33595846 1
111  54.91758954  008.33224287
112  54.91758954  008.33224287  54.91765367  008.33195757 1
116  54.91745318  008.33174445  54.91737018  008.33174378
120 Linear Feature 2
112  54.91052571  008.33243793  54.91036297  008.33195264 1
116  54.91089908  008.33177023  54.91135886  008.33176053
120 Linear Feature 1
111  54.91290285  008.33177049 1
111  54.91296111  008.33176993 1
111  54.91327474  008.33176692 1
111  54.91331753  008.33176651 1
111  54.91367548  008.33176307 1
111  54.91371352  008.33176270 1
111  54.91405724  008.33175940 1
115  54.91435640  008.33175653
120 Linear Feature 5
111  54.91310861  008.33076735 1
111  54.91310829  008.33082833 1
112  54.91310186  008.33153803  54.91310059  008.33159688
111  54.91310186  008.33153803
112  54.91310186  008.33153803  54.91310031  008.33160978 1
116  54.91296111  008.33176993  54.91288432  008.33177169
120 Linear Feature 5
111  54.91350619  008.33099606 1
111  54.91350617  008.33105477 1
112  54.91350419  008.33153803  54.91350298  008.33159416
111  54.91350419  008.33153803
112  54.91350419  008.33153803  54.91350264  008.33160978 1
116  54.91331753  008.33176651  54.91320906  008.33176827
120 Linear Feature 5
111  54.91309860  008.33082840 1
111  54.91310829  008.33082833 1
115  54.91311718  008.33082826
120 Linear Feature 5
111  54.91349601  008.33105485 1
111  54.91350617  008.33105477 1
115  54.91351458  008.33105470
120 Linear Feature 5
111  54.91384638  008.33104953 1
111  54.91384638  008.33104953 1
111  54.91384638  008.33104953 1
111  54.91385639  008.33104946 1
111  54.91385639  008.33104946 1
111  54.91385639  008.33104946 1
111  54.91386495  008.33104939
111  54.91386495  008.33104939
115  54.91386495  008.33104939
120 Linear Feature 5
111  54.91385625  008.33098779 1
111  54.91385639  008.33104946 1
111  54.91385639  008.33104946 1
111  54.91385639  008.33104946 1
112  54.91385425  008.33152977  54.91385305  008.33158543
111  54.91385425  008.33152977
112  54.91385425  008.33152977  54.91385270  008.33160151 1
116  54.91371352  008.33176270  54.91360505  008.33176447
120 Linear Feature 4
112  54.91327474  008.33176692  54.91316301  008.33176633 1
116  54.91310186  008.33153803  54.91310186  008.33145766
120 Linear Feature 4
112  54.91367548  008.33176307  54.91356374  008.33176248 1
116  54.91350419  008.33153803  54.91350419  008.33145766
120 Linear Feature 4
112  54.91405724  008.33175940  54.91394550  008.33175882 1
116  54.91385425  008.33152977  54.91385425  008.33144940
120 Linear Feature 10
112  54.91730956  008.34929786  54.91757859  008.34925550 1
116  54.91777873  008.34991410  54.91783853  008.35034828
120 Linear Feature 9
112  54.91605616  008.34880562  54.91621171  008.34925646 1
112  54.91666038  008.34939819  54.91706426  008.34933873
111  54.91666038  008.34939819 1
111  54.91730956  008.34929786
112  54.91730956  008.34929786  54.91750154  008.34927550 1
116  54.91755832  008.34841333  54.91747203  008.34785981
120 Linear Feature 8
111  54.91884336  008.33457385 1
112  54.91844766  008.33600155  54.91825234  008.33649017
111  54.91844766  008.33600155 1
111  54.91699926  008.33954942
112  54.91699926  008.33954942  54.91664870  008.34047660 1
112  54.91663323  008.34298577  54.91680159  008.34424049
111  54.91663323  008.34298577 1
111  54.91755832  008.34841333
112  54.91755832  008.34841333  54.91762475  008.34884316 1
112  54.91777873  008.34991410  54.91779725  008.35010744 1
112  54.91783724  008.35063245  54.91784061  008.35089610
111  54.91783724  008.35063245
112  54.91783724  008.35063245  54.91782714  008.35089024 1
112  54.91744144  008.35148183  54.91710638  008.35169568
111  54.91744144  008.35148183
112  54.91744144  008.35148183  54.91737746  008.35151991 1
112  54.91691696  008.35136491  54.91680751  008.35106318
111  54.91691696  008.35136491 1
115  54.91671550  008.35076632
120 Linear Feature 14
111  54.92017302  008.34004637 1
111  54.92008007  008.34022523
112  54.92008007  008.34022523  54.92002717  008.34033128 1
116  54.91980456  008.34003638  54.91976801  008.33940298
120 Linear Feature 13
112  54.91957958  008.33556717  54.91961188  008.33605247 1
112  54.91971510  008.33649901  54.91978015  008.33678151
111  54.91971510  008.33649901 1
115  54.92000178  008.33745485
120 Linear Feature 15
112  54.91948695  008.33574939  54.91956246  008.33587466 1
116  54.91971510  008.33649901  54.91977362  008.33668609
120 Linear Feature 12
112  54.91844766  008.33600155  54.91871731  008.33529219 1
112  54.91948695  008.33574939  54.91977807  008.33630201
111  54.91948695  008.33574939
112  54.91948695  008.33574939  54.91955372  008.33589978 1
116  54.91964672  008.33660381  54.91968435  008.33707461
120 Linear Feature 3
112  54.91043460  008.33168246  54.91037777  008.33162826 1
112  54.91016303  008.33133811  54.91009749  008.33114724
111  54.91016303  008.33133811 1
111  54.91004410  008.33099092
112  54.91004410  008.33099092  54.90993097  008.33065273 1
116  54.91018176  008.32983873  54.91031140  008.32958867
120 Linear Feature 8
111  54.91191441  008.32608104 1
111  54.91190220  008.32605356 1
115  54.91191711  008.32603042
120 Linear Feature 8
111  54.91201436  008.32609149 1
111  54.91200069  008.32606705 1
115  54.91201402  008.32604067
120 Linear Feature 8
111  54.91210833  008.32606918 1
111  54.91209303  008.32604677 1
115  54.91210449  008.32601880
120 Linear Feature 8
111  54.91120923  008.32779087 1
111  54.91122884  008.32778990 1
115  54.91123099  008.32782479
120 Linear Feature 8
111  54.91110664  008.32799251 1
111  54.91112659  008.32799207 1
115  54.91112841  008.32802642
120 Linear Feature 8
111  54.91098941  008.32822464 1
111  54.91100927  008.32822395 1
115  54.91101118  008.32825855
120 Linear Feature 8
111  54.91075424  008.32807092 1
111  54.91073594  008.32808390 1
115  54.91072683  008.32805331
120 Linear Feature 8
111  54.91081275  008.32773488 1
111  54.91079448  008.32774907 1
115  54.91078503  008.32771878
120 Linear Feature 8
111  54.91086160  008.32740213 1
111  54.91084343  008.32741604 1
115  54.91083388  008.32738602
120 Linear Feature 2
112  54.91033243  008.32954520  54.91046507  008.32926748 1
112  54.91073594  008.32808390  54.91074755  008.32802975 1
112  54.91079448  008.32774907  54.91082147  008.32758495 1
111  54.91084343  008.32741604 1
112  54.91087589  008.32721272  54.91089588  008.32709099 1
112  54.91102507  008.32692377  54.91105057  008.32688986 1
112  54.91124828  008.32667943  54.91128877  008.32664639 1
112  54.91146596  008.32649378  54.91153560  008.32643546 1
112  54.91173251  008.32609646  54.91174417  008.32607762 1
112  54.91180670  008.32603941  54.91182365  008.32604112 1
111  54.91190220  008.32605356 1
112  54.91200069  008.32606705  54.91203368  008.32606879 1
111  54.91209303  008.32604677 1
115  54.91210544  008.32604269
120 Linear Feature 1
112  54.90939458  008.33115878  54.90961544  008.33094516 1
111  54.91018176  008.32983873 1
112  54.91033243  008.32954520  54.91042000  008.32937461
111  54.91033243  008.32954520
112  54.91033243  008.32954520  54.91052404  008.32917193 1
112  54.91085418  008.32852966  54.91088527  008.32847016 1
112  54.91100927  008.32822395  54.91104482  008.32815371 1
112  54.91112659  008.32799207  54.91116859  008.32790905 1
112  54.91122884  008.32778990  54.91126364  008.32772109 1
115  54.91168685  008.32688382
120 main taxi line
111  54.91985101  008.34091202 1
111  54.91980456  008.34003638 1
111  54.91964672  008.33660381
112  54.91964672  008.33660381  54.91963746  008.33637501 1
112  54.91957958  008.33556717  54.91956477  008.33517080
111  54.91957958  008.33556717 1
111  54.91951649  008.33401093 1
112  54.91939280  008.33352402  54.91927434  008.33330663
111  54.91939280  008.33352402 1
111  54.91876444  008.33240918
112  54.91876444  008.33240918  54.91871301  008.33232073 1
112  54.91858082  008.33221074  54.91848022  008.33214580
111  54.91858082  008.33221074 1
111  54.91792982  008.33180222
112  54.91792982  008.33180222  54.91783906  008.33175539 1
112  54.91745318  008.33174445  54.91703440  008.33173908
111  54.91745318  008.33174445 1
111  54.91490902  008.33175472
112  54.91490902  008.33175472  54.91478408  008.33175754 1
112  54.91463148  008.33191296  54.91448706  008.33206540
111  54.91463148  008.33191296 1
112  54.91414519  008.33240057  54.91410413  008.33244025 1
112  54.91394088  008.33247930  54.91379647  008.33248777
111  54.91394088  008.33247930 1
112  54.91347315  008.33247500  54.91341841  008.33247500 1
112  54.91327795  008.33237722  54.91320635  008.33231150 1
112  54.91286162  008.33197110  54.91280460  008.33191158 1
112  54.91256679  008.33177374  54.91243108  008.33177771
111  54.91256679  008.33177374 1
111  54.91089908  008.33177023
112  54.91089908  008.33177023  54.91080442  008.33176712 1
112  54.91043460  008.33168246  54.91031570  008.33159521
111  54.91043460  008.33168246 1
111  54.90973908  008.33113388 1
112  54.90939458  008.33115878  54.90922582  008.33133378
111  54.90939458  008.33115878 1
112  54.90853782  008.33190454  54.90812892  008.33217268
111  54.90853782  008.33190454 1
112  54.90778160  008.33218988  54.90729157  008.33228584
111  54.90778160  008.33218988 1
112  54.90684396  008.33230951  54.90632472  008.33234338
111  54.90684396  008.33230951 1
111  54.90599336  008.33240997 1
112  54.90511467  008.33264364  54.90478208  008.33282394
111  54.90511467  008.33264364 1
112  54.90409151  008.33343679  54.90376734  008.33387695
111  54.90409151  008.33343679 1
112  54.90337487  008.33452021  54.90307683  008.33517755
111  54.90337487  008.33452021 1
112  54.90295191  008.33558817  54.90278129  008.33612906
111  54.90295191  008.33558817
112  54.90295191  008.33558817  54.90264066  008.33659231 1
112  54.90254580  008.33771027  54.90252792  008.33786155
111  54.90254580  008.33771027
112  54.90254580  008.33771027  54.90249105  008.33822660 1
112  54.90237564  008.33978858  54.90235369  008.34012757
111  54.90237564  008.33978858
112  54.90237564  008.33978858  54.90230897  008.34086600 1
112  54.90241935  008.34223747  54.90250412  008.34314075
111  54.90241935  008.34223747 1
111  54.90325652  008.35027616
112  54.90325652  008.35027616  54.90328108  008.35051958 1
111  54.90340242  008.35079878 1
111  54.90376108  008.35161978
112  54.90376108  008.35161978  54.90386899  008.35184701 1
112  54.90421383  008.35161254  54.90431050  008.35148327
111  54.90421383  008.35161254 1
115  54.90445454  008.35131400
120 Linear Feature 43
111  54.91051989  008.34462396 21
115  54.91055237  008.34496540
120 Linear Feature 42
111  54.91063014  008.34475532 21
115  54.91043967  008.34482797
120 Linear Feature 43
111  54.91225943  008.35372567 21
115  54.91230590  008.35393858
120 Linear Feature 42
111  54.91234023  008.35379285 21
115  54.91222046  008.35387824
120 Linear Feature 41
111  54.90765639  008.35435524 21
115  54.90775596  008.35454221
120 Linear Feature 40
112  54.90775609  008.35435778  54.90775430  008.35436399 21
115  54.90765554  008.35454901
120 Linear Feature 41
111  54.91647335  008.35235563 21
115  54.91661492  008.35241931
120 Linear Feature 40
112  54.91655887  008.35226958  54.91655708  008.35227580 21
115  54.91652553  008.35250008
120 Linear Feature 41
111  54.91547038  008.34946606 21
115  54.91560678  008.34969096
120 Linear Feature 40
111  54.91559288  008.34944171 21
115  54.91548503  008.34970845
120 fuelstation border
111  54.91138685  008.32583956 21
111  54.91151525  008.32607510 21
111  54.91123861  008.32655226 21
115  54.91110204  008.32632688
120 Linear Feature 3
111  54.91651059  008.32384012 22
111  54.91650310  008.32442079 22
111  54.91406487  008.32999163 22
111  54.91372782  008.32999728 22
112  54.91368668  008.32997227  54.91367551  008.32995090 22
111  54.91366886  008.32990172 22
111  54.91367420  008.32958336 22
112  54.91370155  008.32948915  54.91372612  008.32944056 22
111  54.91376356  008.32944344 22
115  54.91430079  008.32944578
120 Linear Feature 6
111  54.91138487  008.33188655 20
112  54.91261499  008.33187574  54.91263738  008.33187791 20
112  54.91268713  008.33190604  54.91271325  008.33193200 20
112  54.91332271  008.33252056  54.91335754  008.33255085 20
112  54.91347570  008.33257032  54.91352048  008.33257032 20
112  54.91399188  008.33256601  54.91403914  008.33256601 20
112  54.91416601  008.33249893  54.91421949  008.33244700 20
112  54.91474064  008.33191470  54.91477174  008.33189090 20
112  54.91484761  008.33186493  54.91490358  008.33186493 20
112  54.91728297  008.33185198  54.91730909  008.33185198 20
112  54.91736879  008.33188228  54.91739242  008.33190608 20
115  54.91747451  008.33201645
120 Linear Feature 5
111  54.91138380  008.33166569 20
112  54.91261267  008.33165489  54.91263879  008.33165489 20
112  54.91268730  008.33168518  54.91271715  008.33171331 20
112  54.91333159  008.33230402  54.91335398  008.33232783 20
112  54.91346841  008.33237326  54.91352811  008.33237326 20
112  54.91398458  008.33236894  54.91402190  008.33237111 20
112  54.91410150  008.33232783  54.91413384  008.33229754 20
112  54.91472837  008.33170465  54.91475201  008.33167868 20
112  54.91484529  008.33164406  54.91488758  008.33164190 20
112  54.91745851  008.33162461  54.91748215  008.33162245 20
115  54.91764011  008.33158566
120 Linear Feature 7
111  54.91174492  008.32677201 1
112  54.91188522  008.32648899  54.91191656  008.32643447 1
115  54.91206433  008.32619819
120 Linear Feature 11
111  54.91210002  008.32541183 20
111  54.91220078  008.32566863 20
113  54.91200588  008.32570709 20
120 Linear Feature 10
111  54.91205628  008.32583346 20
112  54.91220078  008.32566863  54.91231419  008.32553771 20
112  54.91269795  008.32517704  54.91290756  008.32500933 20
112  54.91327505  008.32480840  54.91350609  008.32469416 20
112  54.91380527  008.32461183  54.91391984  008.32458131 20
111  54.91419589  008.32451881 20
111  54.91416893  008.32421750 20
112  54.91379367  008.32430961  54.91367585  008.32433847 20
112  54.91322878  008.32451560  54.91299599  008.32463312 20
112  54.91262891  008.32490292  54.91246409  008.32504178 20
112  54.91210002  008.32541183  54.91198309  008.32554816 20
111  54.91195548  008.32558073 20
111  54.91200588  008.32570709 20
115  54.91205628  008.32583346
120 Linear Feature 8
111  54.91578519  008.33876441 19
115  54.91601514  008.33979252
120 Linear Feature 7
111  54.91614850  008.33912845 19
115  54.91561044  008.33948848
120 Linear Feature 6
111  54.91455151  008.34314521 19
115  54.91498457  008.34443864
120 Linear Feature 5
111  54.91415486  008.34476533 19
115  54.91458025  008.34606874
120 Linear Feature 4
111  54.91394983  008.34609208 19
115  54.91416253  008.34710881
120 Linear Feature 3
111  54.91432540  008.34643877 19
115  54.91385402  008.34674545
120 Linear Feature 2
111  54.91496924  008.34201845 19
115  54.91518768  008.34300186
120 Linear Feature 1
111  54.91532756  008.34237848 19
115  54.91482169  008.34274517
21  54.91746379  008.33623067 2 144.5200 3.00 14  PAPI-4L
21  54.90615633  008.35020119 3 324.5300 3.00 32  PAPI-4R
20  54.91569956  008.33791934 131.4400 0 2 {@L}14
20  54.91299282  008.34131587 134.5200 0 2 {@L}14
20  54.91354530  008.33956328 315.4400 0 2 {@L}32
20  54.90637622  008.34844497 315.4400 0 2 {@L}32
20  54.90693665  008.35437810 182.4900 0 2 {@L}G
20  54.90485057  008.35300284 13.3100 0 2 {@L}G
20  54.90922384  008.33156553 343.9100 0 2 {@R}STOP_06
20  54.90910574  008.33122024 311.1300 0 2 {@R}STOP_06
20  54.91060105  008.32814710 117.7400 0 2 {@R}STOP_06
20  54.91082521  008.32827322 121.3900 0 2 {@R}STOP_06
20  54.91138020  008.33148215 193.1800 0 2 {@R}STOP_06
20  54.91137393  008.33206076 168.8700 0 2 {@R}STOP_06
20  54.91963319  008.33449625 289.0000 0 2 {@R}STOP_14
20  54.91943053  008.33452734 255.1300 0 2 {@R}STOP_14
20  54.91895315  008.33519773 189.7100 0 2 {@R}STOP_14
20  54.91893491  008.33519066 310.0200 0 2 {@R}STOP_14
20  54.91839409  008.33577586 283.8600 0 2 {@R}STOP_14
20  54.91832326  008.33223436 35.2800 0 2 {@R}STOP_14
20  54.91839149  008.33189649 7.5200 0 2 {@R}STOP_14
20  54.91700262  008.34957585 162.3900 0 2 {@R}STOP_24
20  54.91784477  008.35119833 112.2500 0 2 {@R}STOP_24
20  54.91639274  008.35273555 346.3900 0 2 {@R}STOP_24
20  54.91697484  008.34909457 192.4700 0 2 {@R}STOP_24
20  54.91765705  008.35098006 140.4900 0 2 {@R}STOP_24
20  54.91629979  008.35245890 311.3100 0 2 {@R}STOP_24
20  54.90559042  008.35371615 181.4000 0 2 {@R}STOP_32
20  54.90532962  008.34860510 51.0500 0 2 {@R}STOP_32
20  54.90545471  008.34830622 30.1200 0 2 {@R}STOP_32
20  54.90331468  008.35094771 64.6700 0 2 {@R}STOP_32
20  54.90563852  008.35338197 213.7100 0 2 {@R}STOP_32
20  54.90349600  008.35072774 46.4900 0 2 {@R}STOP_32
20  54.91316386  008.33938584 56.0700 0 2 {@Y,^l}14{|}32{^r}
20  54.91611947  008.33637431 323.4500 0 2 {@Y,^l}C
20  54.91264101  008.33150271 248.4400 0 2 {@Y,^l}D-06{|}I{^u,|}RAMP_1{^r}{@@,^l}RAMP_1{|}D-14{^u,|}D-06{^r}
20  54.91370013  008.33208612 87.7100 0 2 {@Y,^l}D{^r}{@@,^l}D{^r}
20  54.91829318  008.33369323 324.1900 0 2 {@Y,^l}D{|}L{^ru,|}F{^r}
20  54.91636880  008.34893307 56.5400 0 2 {@Y,^l}E{@@}E{^r}
20  54.91766735  008.34998674 250.9500 0 2 {@Y,^l}E{@L}F
20  54.91701220  008.35084006 61.5500 0 2 {@Y,^l}F
20  54.90467929  008.35159081 137.8200 0 2 {@Y,^l}G{|}A{^r}
20  54.91229099  008.33151934 -2.5800 0 2 {@Y,^l}I{|}RAMP_1{^u,|}D-14{^ru}{@@,^u}D-06{|}I{^r}
20  54.90251443  008.34205414 75.2200 0 2 {@Y,^lu}B{@L}A{@Y}32{^u,@@,@L}A
20  54.91972174  008.33578798 79.7300 0 2 {@Y,^lu}RAMP_3{@L}L
20  54.91725720  008.33155727 357.6700 0 2 {@Y,^u}14{@L}D{@Y}C{^r}{@@,@L}D{@Y}RAMP_1{^u}
20  54.91768546  008.34844676 65.7100 0 2 {@Y}24{^u}E{^r}
20  54.90642118  008.34942865 137.4500 0 2 {@Y}B{^r}
20  54.91193427  008.32705511 321.1800 0 2 {@Y}I{^r}{@@,^l}I
20  54.91116156  008.33341737 247.1000 0 2 {@Y}RAMP_1{^r}
20  54.90915975  008.34484760 235.5400 0 2 {no-entry}
20  54.91233858  008.35403378 280.8000 0 2 {no-entry}
20  54.91216524  008.35391551 304.0400 0 2 {no-entry}
20  54.90714162  008.35400061 279.7800 0 2 {no-entry}
20  54.90763418  008.35463877 1.6300 0 2 {no-entry}
20  54.90763316  008.35427572 357.8600 0 2 {no-entry}
20  54.90733235  008.35399096 260.7600 0 2 {no-entry}
20  54.91655373  008.35261840 151.7200 0 2 {no-entry}
20  54.91545606  008.34984014 166.6900 0 2 {no-entry}
20  54.91076213  008.34479385 43.1800 0 2 {no-entry}
20  54.90618709  008.35004222 48.8500 0 2 {no-entry}
20  54.91643756  008.35223241 147.7300 0 2 {no-entry}
20  54.91541369  008.34938060 157.7200 0 2 {no-entry}
20  54.91061667  008.34519072 29.7200 0 2 {no-entry}
20  54.90635298  008.34985975 57.5700 0 2 {no-entry}
14  54.91383446  008.33043848  65.62 0 ATC Tower
1300  54.91385639  008.33104946 -89.80 tie_down jets|turboprops Apron 1 / 1
1301 C airline 
1300  54.91350617  008.33105477 -89.80 tie_down jets|turboprops Apron 1 / 2
1301 C airline 
1300  54.91310829  008.33082833 -89.80 tie_down jets|turboprops Apron 1 / 3
1301 C airline 
1300  54.91232027  008.32617808 -125.81 tie_down props|helos Apron 2 / A1
1301 A general_aviation 
1300  54.91243671  008.32604408 -122.68 tie_down props|helos Apron 2 / A2
1301 A general_aviation 
1300  54.91256210  008.32591321 -119.18 tie_down props|helos Apron 2 / A3
1301 A general_aviation 
1300  54.91267853  008.32580414 -118.52 tie_down props|helos Apron 2 / A4
1301 A general_aviation 
1300  54.91280034  008.32569195 -117.26 tie_down props|helos Apron 2 / A5
1301 A general_aviation 
1300  54.91292931  008.32557977 -110.80 tie_down props|helos Apron 2 / A6
1301 A general_aviation 
1300  54.91306187  008.32549252 -109.72 tie_down props|helos Apron 2 / A7
1301 A general_aviation 
1300  54.91319980  008.32542084 -104.76 tie_down props|helos Apron 2 / A8
1301 A general_aviation 
1300  54.91333415  008.32534605 -104.76 tie_down props|helos Apron 2 / A9
1301 A general_aviation 
1300  54.91347387  008.32528373 -103.24 tie_down props|helos Apron 2 / A10
1301 A general_aviation 
1300  54.91361180  008.32522764 -99.70 tie_down props|helos Apron 2 / A11
1301 A general_aviation 
1300  54.91374436  008.32518712 -99.70 tie_down props|helos Apron 2 / A12
1301 A general_aviation 
1300  54.91388587  008.32514973 -97.68 tie_down props|helos Apron 2 / A13
1301 A general_aviation 
1300  54.91402559  008.32511545 -97.68 tie_down props|helos Apron 2 / A14
1301 A general_aviation 
1300  54.91416173  008.32508740 -97.68 tie_down props|helos Apron 2 / A15
1301 A general_aviation 
1300  54.91075473  008.32701138  16.22 tie_down props|helos Apron 2 / A16
1301 A general_aviation 
1300  54.91070994  008.32727001  14.57 tie_down props|helos Apron 2 / A17
1301 A general_aviation 
1300  54.91066874  008.32752241  14.57 tie_down props|helos Apron 2 / A18
1301 A general_aviation 
1300  54.91063113  008.32776235  14.57 tie_down props|helos Apron 2 / A19
1301 A general_aviation 
1300  54.91059351  008.32801474  14.57 tie_down props|helos Apron 2 / A20
1301 A general_aviation 
1300  54.91109221  008.32734168 217.32 tie_down props|helos Apron 2 / A21
1301 A general_aviation 
1300  54.91118034  008.32714350 217.32 tie_down props|helos Apron 2 / A22
1301 A general_aviation 
1300  54.91127922  008.32695279 217.32 tie_down props|helos Apron 2 / A23
1301 A general_aviation 
1300  54.91203820  008.32550862 237.52 tie_down jets|turboprops|props Apron 2 / B1
1301 B general_aviation 
1300  54.91220837  008.32531906 241.27 tie_down jets|turboprops|props Apron 2 / B2
1301 B general_aviation 
1300  54.91238750  008.32514767 243.32 tie_down jets|turboprops|props Apron 2 / B3
1301 B general_aviation 
1300  54.91256813  008.32499186 243.32 tie_down jets|turboprops|props Apron 2 / B4
1301 B general_aviation 
1300  54.91275173  008.32484384 245.67 tie_down jets|turboprops|props Apron 2 / B5
1301 B general_aviation 
1300  54.91295027  008.32470620 248.70 tie_down jets|turboprops|props Apron 2 / B6
1301 B general_aviation 
1300  54.91314731  008.32459194 252.42 tie_down jets|turboprops|props Apron 2 / B7
1301 B general_aviation 
1300  54.91335779  008.32449326 255.92 tie_down jets|turboprops|props Apron 2 / B8
1301 B general_aviation 
1300  54.91356080  008.32442314 258.23 tie_down jets|turboprops|props Apron 2 / B9
1301 B general_aviation 
1300  54.91375785  008.32436082 259.57 tie_down jets|turboprops|props Apron 2 / B10
1301 B general_aviation 
1300  54.91396832  008.32430368 261.19 tie_down jets|turboprops|props Apron 2 / B11
1301 B general_aviation 
19  54.90669416  008.34318275 1 WS
19  54.91580871  008.34345064 1 WS
1050 118400 SYLT ATIS
1054 119750 Sylt Tower
1055 120225 BREMEN RADAR
1200 
1201  54.91666084  008.33607560 both 0 C_stop
1201  54.91709720  008.33428798 both 1 C_stop
1201  54.91759805  008.33220864 both 2 C_stop
1201  54.91770553  008.33186832 both 3 C_stop
1201  54.91051601  008.32902087 both 4 Apron 2_stop
1201  54.91067973  008.32833288 both 5 Apron 2_stop
1201  54.91073673  008.32808196 both 6 Apron 2_stop
1201  54.91088012  008.32719245 both 7 Apron 2_stop
1201  54.91121151  008.32671138 both 8 Apron 2_stop
1201  54.91105672  008.32688240 both 9 unnamed entity(split)
1201  54.91095235  008.32702890 both 10 unnamed entity(split)
1201  54.91148388  008.32647874 both 11 Apron 2_stop
1201  54.91169809  008.32615418 both 12 Apron 2_stop
1201  54.91180865  008.32603848 both 13 Apron 2_stop
1201  54.91190452  008.32605351 both 14 Apron 2_stop
1201  54.91200126  008.32606553 both 15 Apron 2_stop
1201  54.91209368  008.32604299 both 16 Apron 2_stop
1201  54.91351135  008.33180097 both 17 Apron 1_stop
1201  54.91386284  008.33179991 both 18 Apron 1_stop
1201  54.91030448  008.32959165 both 19 _stop
1201  54.91034760  008.33193728 both 20 06/24_start(split)
1201  54.91258593  008.33856826 both 21 06/24_start(split)
1201  54.91294913  008.32529852 both 22 _stop
1201  54.91221441  008.32597383 both 23 _stop
1201  54.91322674  008.34046664 both 24 14/32_start(split)
1201  54.91236364  008.34155158 both 25 14/32_start(split)
1201  54.91368158  008.34181408 both 26 14/32_start(split)
1201  54.90618117  008.34920263 both 27 unnamed entity(split)
1201  54.91877065  008.33233899 both 28 D_stop
1201  54.90981076  008.33034691 both 29 06/24_start
1201  54.91896334  008.33406163 both 30 F_stop
1201  54.91912435  008.33315985 both 31 D_start(split)
1201  54.91653617  008.33636356 both 32 unnamed entity(split)
1201  54.91406863  008.33942595 both 33 unnamed entity(split)
1201  54.91912701  008.33315035 both 34 D_start
1201  54.91834315  008.33205818 both 35 D_stop
1201  54.91839487  008.33613119 both 36 F_stop
1201  54.91694943  008.33967797 both 37 F_stop
1201  54.91856515  008.33566112 both 38 F_stop
1201  54.90340052  008.35079520 both 39 A_stop
1201  54.90959643  008.33094980 both 40 A_stop
1201  54.91701818  008.35169862 both 41 06/24_stop
1201  54.90374448  008.35159514 both 42 A_stop
1201  54.90403285  008.35186804 both 43 14/32_stop
1201  54.91120133  008.33178156 both 44 D_stop
1201  54.91751369  008.35143234 both 45 F_stop
1201  54.91775209  008.35109964 both 46 F_stop
1201  54.91769994  008.35122926 both 47 F_stop
1201  54.91782431  008.33174901 both 48 D_stop
1201  54.91746967  008.33174136 both 49 unnamed entity(split)
1201  54.91732492  008.33174429 both 50 unnamed entity(split)
1201  54.91481042  008.33175908 both 51 unnamed entity(split)
1201  54.91403151  008.33247249 both 52 unnamed entity(split)
1201  54.91344871  008.33247150 both 53 D_stop
1201  54.91260783  008.33177697 both 54 unnamed entity(split)
1201  54.90917314  008.33137633 both 55 A_stop(split)
1201  54.90854455  008.33192650 both 56 A_stop
1201  54.90777373  008.33219845 both 57 A_stop
1201  54.91664037  008.34087985 both 58 F_stop
1201  54.91655675  008.34222088 both 59 F_stop
1201  54.91663674  008.34300526 both 60 F_stop
1201  54.91775406  008.34959285 both 61 F_stop
1201  54.91784750  008.35074794 both 62 F_stop
1201  54.91188728  008.32648396 both 63 _stop
1201  54.91132127  008.32760920 both 64 _stop
1201  54.91101176  008.32822328 both 65 _stop
1201  54.90241468  008.34223427 both 66 A_stop
1201  54.90327865  008.35044968 both 67 A_stop
1201  54.91422507  008.32481241 both 68 unnamed entity(split)
1201  54.91347494  008.32503071 both 69 unnamed entity(split)
1201  54.90236628  008.33978513 both 70 A_stop
1201  54.90233241  008.34101391 both 71 A_stop
1201  54.91085418  008.32852966 both 72 _stop
1201  54.90571580  008.33245143 both 73 A_stop
1201  54.90511224  008.33260953 both 74 A_stop
1201  54.90409055  008.33340000 both 75 A_stop
1201  54.90336336  008.33449399 both 76 A_stop
1201  54.90294160  008.33558164 both 77 A_stop
1201  54.90257073  008.33738381 both 78 A_stop
1201  54.91183565  008.32559886 both 79 Apron 2_stop
1201  54.91199166  008.32525640 both 80 Apron 2_stop
1201  54.91235939  008.32491393 both 81 Apron 2_stop
1201  54.91269740  008.32464900 both 82 Apron 2_stop
1201  54.91307256  008.32438408 both 83 Apron 2_stop
1201  54.91341429  008.32424192 both 84 Apron 2_stop
1201  54.91414975  008.32402222 both 85 Apron 2_start
1201  54.90603429  008.34923690 both 86 B_stop
1201  54.90584978  008.34917770 both 87 B_stop
1201  54.90535802  008.34842135 both 88 B_stop
1201  54.90371575  008.34579834 both 89 B_stop
1201  54.90310598  008.34469136 both 90 B_stop
1201  54.90272087  008.34364020 both 91 B_stop
1201  54.91757998  008.33189069 both 92 C_stop
1202 0 32 twoway taxiway_E C
1204 departure 14,32
1204 arrival 14,32
1202 1 0 twoway taxiway_E C
1204 departure 14,32
1204 arrival 14,32
1202 2 1 twoway taxiway_E C
1202 3 2 twoway taxiway_E C
1202 48 3 twoway taxiway_E C
1202 4 19 oneway taxiway_B Apron 2
1204 departure 06,24
1204 arrival 06,24
1202 5 4 oneway taxiway_B Apron 2
1204 departure 06,24
1204 arrival 06,24
1202 6 5 oneway taxiway_B Apron 2
1202 7 6 oneway taxiway_B Apron 2
1202 8 9 oneway taxiway_B Apron 2
1202 9 10 oneway taxiway_B Apron 2
1202 10 7 oneway taxiway_B Apron 2
1202 11 8 oneway taxiway_B Apron 2
1202 12 11 oneway taxiway_B Apron 2
1202 13 12 oneway taxiway_B Apron 2
1202 14 13 oneway taxiway_B Apron 2
1202 15 14 oneway taxiway_B Apron 2
1202 16 15 oneway taxiway_B Apron 2
1202 23 16 oneway taxiway_B Apron 2
1202 54 17 twoway taxiway_B Apron 1
1202 18 17 twoway taxiway_B Apron 1
1202 51 18 twoway taxiway_B Apron 1
1202 74 75 twoway taxiway_C A
1202 75 76 twoway taxiway_C A
1202 19 72 oneway taxiway_B 
1204 departure 06,24
1204 arrival 06,24
1202 19 29 twoway taxiway_B 
1204 departure 06,24
1204 arrival 06,24
1202 24 26 twoway runway 06/24
1204 departure 06,14,24,32
1204 arrival 06,14,24,32
1204 ils 06,24
1202 26 41 twoway runway 06/24
1204 departure 06,24
1204 arrival 06,24
1204 ils 06,24
1202 68 69 twoway taxiway_B 
1202 69 22 twoway taxiway_B 
1202 22 23 twoway taxiway_B 
1202 63 23 oneway taxiway_B 
1202 20 21 twoway runway 06/24
1204 departure 06,24
1204 arrival 06,24
1204 ils 06,24
1202 21 24 twoway runway 06/24
1204 departure 06,14,24,32
1204 arrival 06,14,24,32
1204 ils 06,24
1202 44 20 twoway taxiway_E 
1204 departure 06,24
1204 arrival 06,24
1202 29 20 twoway runway 06/24
1204 departure 06,24
1204 arrival 06,24
1204 ils 06,24
1202 31 32 twoway runway 14/32
1204 departure 14,32
1204 arrival 14,32
1204 ils 14,32
1202 32 33 twoway runway 14/32
1204 departure 14,32
1204 arrival 14,32
1204 ils 14,32
1202 33 24 twoway runway 14/32
1204 departure 06,14,24,32
1204 arrival 06,14,24,32
1204 ils 14,32
1202 47 46 twoway taxiway_E F
1204 departure 06,24
1204 arrival 06,24
1202 45 47 twoway taxiway_E F
1204 departure 06,24
1204 arrival 06,24
1202 59 60 twoway taxiway_E F
1202 60 61 twoway taxiway_E F
1202 48 49 twoway taxiway_E D
1202 49 50 twoway taxiway_E D
1202 50 51 twoway taxiway_E D
1202 51 52 twoway taxiway_E D
1202 52 53 twoway taxiway_E D
1202 53 54 twoway taxiway_E D
1202 54 44 twoway taxiway_E D
1202 30 38 twoway taxiway_E F
1204 departure 14,32
1204 arrival 14,32
1202 41 45 twoway taxiway_E F
1204 departure 06,24
1204 arrival 06,24
1202 38 36 twoway taxiway_E F
1202 64 63 oneway taxiway_B 
1202 65 64 oneway taxiway_B 
1202 72 65 oneway taxiway_B 
1202 24 25 twoway runway 14/32
1204 departure 06,14,24,32
1204 arrival 06,14,24,32
1204 ils 14,32
1202 25 27 twoway runway 14/32
1204 departure 14,32
1204 arrival 14,32
1204 ils 14,32
1202 27 43 twoway runway 14/32
1204 departure 14,32
1204 arrival 14,32
1204 ils 14,32
1202 42 39 twoway taxiway_C A
1204 departure 14,32
1204 arrival 14,32
1202 29 40 twoway taxiway_E A
1204 departure 06,24
1204 arrival 06,24
1202 58 59 twoway taxiway_E F
1202 76 77 twoway taxiway_C A
1202 71 66 twoway taxiway_C A
1202 66 67 twoway taxiway_C A
1202 67 39 twoway taxiway_C A
1202 36 37 twoway taxiway_E F
1202 40 55 twoway taxiway_C A
1204 departure 06,24
1204 arrival 06,24
1202 37 58 twoway taxiway_E F
1202 28 35 twoway taxiway_E D
1204 departure 14,32
1204 arrival 14,32
1202 43 42 twoway taxiway_C A
1204 departure 14,32
1204 arrival 14,32
1202 34 31 twoway taxiway_E D
1204 departure 14,32
1204 arrival 14,32
1202 35 48 twoway taxiway_E D
1202 31 34 twoway taxiway_E F
1204 departure 14,32
1204 arrival 14,32
1202 34 30 twoway taxiway_E F
1204 departure 14,32
1204 arrival 14,32
1202 62 46 twoway taxiway_E F
1202 61 62 twoway taxiway_E F
1202 31 28 twoway taxiway_E D
1204 departure 14,32
1204 arrival 14,32
1202 77 78 twoway taxiway_C A
1202 78 70 twoway taxiway_C A
1202 70 71 twoway taxiway_C A
1202 55 56 twoway taxiway_C A
1202 56 57 twoway taxiway_C A
1202 57 73 twoway taxiway_C A
1202 73 74 twoway taxiway_C A
1202 79 13 oneway taxiway_B Apron 2
1202 80 79 oneway taxiway_B Apron 2
1202 81 80 oneway taxiway_B Apron 2
1202 82 81 oneway taxiway_B Apron 2
1202 83 82 oneway taxiway_B Apron 2
1202 84 83 oneway taxiway_B Apron 2
1202 85 84 oneway taxiway_B Apron 2
1202 86 27 twoway taxiway_A B
1204 departure 14,32
1204 arrival 14,32
1202 87 86 twoway taxiway_A B
1204 departure 14,32
1204 arrival 14,32
1202 88 87 twoway taxiway_A B
1204 departure 14,32
1204 arrival 14,32
1202 89 88 twoway taxiway_A B
1202 90 89 twoway taxiway_A B
1202 91 90 twoway taxiway_A B
1202 66 91 twoway taxiway_A B
1202 92 2 twoway taxiway_E C
1202 49 92 twoway taxiway_E C
99
