I
1130 Generated by WorldEditor 2.3.1r1

1    109 0 0 XED0038 Bredstedt UL
1302 datum_lat 54.632332
1302 datum_lon 8.985239
1302 gui_label 3D
1302 flatten 1
100 13.52 12 0 0.30 0 0 0 01  54.63113170  008.98532606    0    0 0 0 0 0 19  54.63512632  008.98605996    0    0 0 0 0 0
110 1 0.30 105.0000 New Taxiway 1
112  54.63177394  008.98422257  54.63175584  008.98421371
112  54.63173734  008.98419541  54.63173085  008.98417652
112  54.63173683  008.98410511  54.63172829  008.98409449
112  54.63150092  008.98399109  54.63148970  008.98400333
112  54.63138906  008.98470919  54.63138961  008.98471317
112  54.63141712  008.98473288  54.63141946  008.98474593
112  54.63141201  008.98482564  54.63142124  008.98484453
112  54.63171018  008.98491800  54.63173560  008.98492721
112  54.63195252  008.98497382  54.63199644  008.98498239
112  54.63217068  008.98499106  54.63218503  008.98497158
112  54.63223815  008.98458807  54.63223996  008.98457226
114  54.63224396  008.98446691  54.63223971  008.98446026
110 12 0.30 113.0000 New Taxiway 3
112  54.63152781  008.98484732  54.63151797  008.98485581
112  54.63145484  008.98523833  54.63144401  008.98525193
112  54.63139547  008.98529816  54.63139940  008.98531261
112  54.63182686  008.98536328  54.63182235  008.98534983
112  54.63171735  008.98528291  54.63171120  008.98526095
114  54.63170733  008.98489711  54.63169032  008.98486627
110 4 0.30 6.0700 New Taxiway 5
112  54.63511650  008.98615608  54.63512019  008.98616529
112  54.63525059  008.98618404  54.63525756  008.98617483
112  54.63526252  008.98600885  54.63525760  008.98599752
114  54.63512729  008.98598359  54.63512155  008.98598784
110 4 0.30 190.0000 New Taxiway 4
112  54.63116846  008.98511434  54.63116431  008.98511092
112  54.63114192  008.98511459  54.63113618  008.98510912
112  54.63104400  008.98492614  54.63103417  008.98490490
112  54.63100218  008.98481488  54.63099235  008.98479533
112  54.63092775  008.98474687  54.63092283  008.98475112
112  54.63089736  008.98500578  54.63089982  008.98501923
112  54.63097570  008.98503127  54.63098234  008.98503740
112  54.63112887  008.98526497  54.63113500  008.98527146
112  54.63115607  008.98528599  54.63116160  008.98528462
114  54.63118276  008.98525361  54.63118731  008.98524302
110 3 0.30 6.0700 New Taxiway 6
112  54.63420709  008.98530544  54.63416222  008.98529830
112  54.63353413  008.98521244  54.63343717  008.98521244
112  54.63313516  008.98523154  54.63305760  008.98527418
112  54.63299056  008.98536561  54.63294296  008.98537779
112  54.63255171  008.98528042  54.63253760  008.98524692
112  54.63251323  008.98508514  54.63248503  008.98505164
112  54.63236234  008.98502958  54.63234024  008.98502077
112  54.63218452  008.98493165  54.63217428  008.98492525
112  54.63140428  008.98466715  54.63139748  008.98467303
112  54.63138906  008.98470941  54.63138462  008.98471767
112  54.63134351  008.98475897  54.63133907  008.98476782
112  54.63133102  008.98479385  54.63132589  008.98479740
112  54.63122071  008.98474190  54.63121359  008.98474338
112  54.63104400  008.98492648  54.63103662  008.98493753
112  54.63101939  008.98501627  54.63101346  008.98502160
112  54.63089741  008.98500567  54.63089267  008.98501728
112  54.63090048  008.98561924  54.63090629  008.98564403
112  54.63093907  008.98568847  54.63094864  008.98570027
112  54.63099250  008.98572949  54.63100788  008.98573363
112  54.63313060  008.98622131  54.63314154  008.98622308
112  54.63318331  008.98622229  54.63319015  008.98621107
112  54.63320505  008.98609271  54.63321940  008.98608150
112  54.63518871  008.98657059  54.63519654  008.98655870
112  54.63520142  008.98647772  54.63520356  008.98645600
112  54.63522650  008.98628273  54.63523248  008.98625666
112  54.63525031  008.98618349  54.63525237  008.98617234
112  54.63526222  008.98600879  54.63526155  008.98599430
112  54.63525261  008.98590878  54.63525143  008.98588794
112  54.63524598  008.98570215  54.63524737  008.98566355
114  54.63524866  008.98561556  54.63524332  008.98560600
130 Airport Boundary 1
111  54.63087989  008.98455688
111  54.63087657  008.98575924
111  54.63322458  008.98634307
111  54.63324468  008.98617638
111  54.63525387  008.98668995
111  54.63547425  008.98516121
111  54.63344439  008.98425188
111  54.63335617  008.98484703
111  54.63150692  008.98382168
113  54.63135735  008.98467849
1300  54.63194967  008.98464372 104.74 gate props New Ramp Start 3
1301 A general_aviation 
1300  54.63176788  008.98456006 104.62 gate props New Ramp Start 2
1301 A general_aviation 
19  54.63233726  008.98489101 0 New Windsock 4
1054 122140 Bredstedt Info
1200 
1201  54.63189328  008.98477225 both 0 N_start
1201  54.63201213  008.98522450 both 1 N_stop
1201  54.63255459  008.98532473 both 2 N_stop
1201  54.63298355  008.98542500 both 3 N_stop
1201  54.63315987  008.98531607 both 4 N_stop
1201  54.63354957  008.98542650 both 5 N_stop
1201  54.63415651  008.98554378 both 6 N_stop
1201  54.63515261  008.98573750 both 7 N_stop
1201  54.63520101  008.98580881 both 8 N_stop
1201  54.63518879  008.98603297 both 9 N_stop
1201  54.63512581  008.98605959 both 10 N_stop
1201  54.63113326  008.98532347 both 11 N_start
1201  54.63154084  008.98539857 both 12 N_stop
1201  54.63165226  008.98541918 both 13 N_stop
1201  54.63160529  008.98513800 both 14 N_stop
1201  54.63172440  008.98469434 both 15 N_stop
1201  54.63161983  008.98487188 both 16 N_stop
1202 14 13 twoway taxiway_A N
1204 departure 01,19
1204 arrival 01,19
1202 14 12 twoway taxiway_A N
1204 departure 01,19
1204 arrival 01,19
1202 0 1 twoway taxiway_A N
1202 1 14 twoway taxiway_A N
1202 2 1 twoway taxiway_A N
1202 3 2 twoway taxiway_A N
1204 departure 01,19
1204 arrival 01,19
1202 4 3 twoway taxiway_A N
1204 departure 01,19
1204 arrival 01,19
1202 5 4 twoway taxiway_A N
1202 6 5 twoway taxiway_A N
1202 7 6 twoway taxiway_A N
1202 8 7 twoway taxiway_A N
1202 9 8 twoway taxiway_A N
1204 departure 01,19
1204 arrival 01,19
1202 10 9 twoway taxiway_A N
1204 departure 01,19
1204 arrival 01,19
1202 11 12 twoway runway 01/19
1204 departure 01,19
1204 arrival 01,19
1204 ils 01,19
1202 12 13 twoway runway 01/19
1204 departure 01,19
1204 arrival 01,19
1204 ils 01,19
1202 13 10 twoway runway 01/19
1204 departure 01,19
1204 arrival 01,19
1204 ils 01,19
1202 15 16 twoway taxiway_A N
1202 16 14 twoway taxiway_A N
1202 0 15 twoway taxiway_A N
99
